155
0 199
3951 53602 28809 53941 48814 45358 80118 28604 11007 15755 35444 87833 25170 65211 62860 1177 35319 27615 84835 59278 42434 89805 70381 81264 86920 60041 20380 71381 54810 84637 5683 94267 72715 4731 86242 65856 6973 77669 89610 11917 3313 34608 46257 30475 91648 17983 39752 99650 80160 84991 75458 54534 34505 18369 83832 65316 35983 3342 95567 38494 34541 20438 67555 99630 96897 93817 79283 28322 8024 71846 45572 42800 83261 99567 48946 19369 59126 29655 14769 10284 52090 59703 54633 96284 6093 85982 40455 20886 86227 8930 52050 71589 52583 21671 13782 37925 35512 6600 88953 80909 62436 1734 45680 93078 64658 2500 37116 93968 74985 41060 74784 87332 41289 37567 35661 77763 693 67516 38069 23954 42126 89917 9027 50317 93442 30262 73467 50872 42332 6580 44616 32366 69055 50047 42557 7292 85336 23462 12286 42234 5610 97495 92963 26528 986 71630 38677 31633 22510 81797 76197 39635 36490 7180 50625 13975 12749 55326 89497 86342 52906 30407 63263 51722 39496 22580 4290 34373 72752 82252 14100 2885 56286 24972 40929 38183 35197 4476 80354 28683 18709 12261 62989 8602 83834 76166 50592 44402 43162 45410 80191 32237 8351 7072 43658 56984 39973 27656 92380
4 198
81122 80830 29599 14716 60058 51836 14304 87330 50258 38590 10566 10378 66572 99850 93704 77231 47642 22452 20618 74405 25789 45667 45298 12769 63122 23155 64104 2463 62125 47828 70830 31696 6885 798 35998 22464 9276 46852 10649 54536 11444 57020 70126 31583 25886 97178 28646 13459 54036 23637 88317 99684 74155 59690 26391 18401 99188 40849 81065 83249 53009 35017 94789 78140 40721 44206 42857 20872 21127 14317 13949 82428 69785 34571 28776 10722 78370 60389 49423 79514 75278 19523 45270 6229 4502 60691 10958 90964 76326 60243 36513 26777 98807 89579 79448 72571 46124 23982 83815 33439 29237 72166 48298 63942 63354 22547 74548 42828 35357 12738 91180 63539 53674 64364 2537 99766 67907 17525 60967 59459 57862 15220 7824 82523 52775 37790 8254 92762 67829 39300 8822 95670 71074 57641 32918 29095 50355 31966 17981 99251 67576 51254 84368 76762 96005 32193 90954 65420 98057 52890 44085 10133 3510 500 81835 61781 61491 86652 60952 42005 18929 9214 65444 55115 34882 70629 18817 87841 57089 20595 48250 8963 8058 92524 75201 67940 55431 10270 15042 43972 16924 96362 85901 79058 71697 47285 39608 31792 25618 66497 92353 63498 26441 18338 52682 15135 99643 79661
23 197
71237 49586 6991 828 519 39629 90837 57563 14221 8932 97963 70149 69900 15363 52713 30515 10477 86991 85204 38372 73556 13925 85142 27299 60914 52401 41234 92839 83254 76251 72134 47373 93826 62262 53801 41670 70685 64426 8573 2504 70233 19143 35373 254 74664 64256 63864 25452 2763 24457 22997 4093 73710 91467 24407 96364 89449 83647 76826 93925 63986 61053 59607 6456 49443 41086 3085 54998 11452 99396 65873 48535 45651 36525 21372 79967 61015 59870 54604 28969 4453 8945 560 96669 88598 78274 41484 78351 56895 88683 84742 7360 59499 37288 1174 85585 81502 41269 23607 28230 93873 46929 25947 61989 33873 93636 97568 72258 57743 87688 85578 45596 35226 7496 22117 8928 69451 64617 51454 4412 47728 28666 19850 14639 42317 287 76787 63133 3073 85894 84307 50623 47264 44556 97631 59882 49704 20600 85130 81301 70710 31409 9045 96718 93903 72185 37239 61439 7445 81412 56853 73501 65498 62559 60032 37278 13267 56612 25318 20744 245 96497 83380 40859 40191 12147 70223 37327 35541 89550 71355 66946 36817 21991 92597 43399 35958 2267 86343 28362 61696 53473 12369 6102 14848 11313 69 88110 54441 41399 28531 23962 19244 5012 38033 33550 63203
27 196
48688 11962 40689 9444 72891 40628 18210 11489 61488 55834 2425 60881 58487 48201 13614 6556 5837 87437 52942 31041 1387 95971 72794 71449 63945 60194 53221 15275 66789 65100 21533 19912 14915 8551 71562 20142 89356 3037 99898 52098 6790 50730 47310 15517 83355 51399 36395 1477 23675 12091 39425 18349 80607 61839 3036 96061 62938 47708 75837 52648 41375 99182 73124 27164 20729 70204 38818 35985 25093 54093 41306 58666 41023 57639 50588 80795 33805 71199 59904 15063 85359 75257 63955 57566 20137 87012 24246 43105 37604 26179 20955 54030 42488 7413 98908 64910 93708 64352 94534 86971 80367 55397 52939 93798 82916 91082 75826 32580 43685 99175 56680 81064 33138 11725 89381 1792 29054 82398 32584 22303 1291 1189 82393 78359 73940 50795 77855 20965 7392 7242 128 13467 69499 58829 55238 83101 72289 49784 48497 57758 14537 68573 56073 80293 76130 83888 10507 85414 59761 50655 29509 21995 97817 71722 13216 92067 88038 94892 69807 52016 31782 30727 98723 78141 70891 69575 64446 48232 28648 21091 83048 57244 90806 84659 68733 67554 52619 95212 68424 20007 13492 93619 78307 27896 95481 54556 48122 97537 96048 79639 76199 68106 93025 85520 68772 68265
37 195
66008 50583 35364 25835 91657 79063 65469 50289 28313 74031 74466 31615 16246 69225 64920 63931 56514 49396 45039 90508 87943 58089 47408 47401 17978 87757 21047 94785 54282 35604 4560 63988 86552 76155 52692 38825 18051 97915 88771 83605 57355 26680 84894 82443 63402 56937 30108 12339 91327 88422 64738 56645 56382 85811 80911 59864 22817 85569 89511 84857 14493 58171 31280 27587 96036 92422 82456 47066 92756 88640 66198 50961 49948 41757 4013 48108 82819 58570 12479 49184 25645 81137 18989 15202 57423 26138 20776 14071 55337 39813 35469 36518 89940 54548 26548 22732 1903 33623 4354 40497 96840 71328 95601 22759 58947 44900 90339 37100 34551 96502 81087 68743 35610 81050 98307 92419 60280 36258 16869 74866 51696 49750 27158 10105 94565 65032 24132 94942 70548 22573 14189 87541 67938 61490 5780 30163 19014 58476 56364 4615 56802 44663 36150 30763 50575 29389 97978 66090 51527 44288 43616 33365 58774 57427 51712 75872 55272 10025 3640 98022 87726 64070 31535 36635 30025 19114 85108 69667 91230 86317 7651 24538 15486 6199 13419 4259 49169 5727 87548 42158 41173 3377 53625 17462 88742 74920 33520 31992 8170 25341 13983 47237 10050 86272 79647
56 194
48977 92696 90748 63288 56478 50817 68135 57024 80884 83472 66290 94229 19045 50895 91776 92787 93618 43873 45174 40665 63553 49708 19492 81095 31184 72466 57895 56426 34306 42196 82690 59659 43434 91621 91122 83310 29861 25264 55446 17046 34008 68342 23432 65792 67272 39810 60880 39539 90861 10024 64520 13369 45488 77511 25494 11001 37558 70837 33506 30452 4608 62132 96943 32462 7462 48149 15610 92800 15023 99281 97362 79379 27447 30626 52287 33542 91481 86949 67148 56803 28929 49448 4415 97383 58698 80712 84277 15893 31664 14285 6054 85954 81548 45182 12148 49004 91005 18784 76367 72178 73897 48929 61850 44089 47104 88619 80250 27722 19142 4092 97554 60296 31940 62887 84007 86162 40723 7245 26269 71740 68839 96158 34347 12086 36867 70433 83145 23074 71484 39099 16479 36883 9223 4493 57693 49493 48091 6581 74907 74564 41239 34423 2302 52611 45738 62937 22239 939 41351 98729 63114 48765 25829 52241 6213 26655 22875 85967 88154 27003 25150 22075 79107 16237 32254 27477 82544 99344 65956 59370 31636 16682 8596 97154 55260 88295 34929 24133 8772 70117 66241 40621 6353 10458 39618 22027 61836 49842 89290 74684 53342 32180 98718 43243
59 193
73532 11895 94120 92322 87814 87322 86844 48703 42690 11117 45617 27717 73672 54516 38144 27255 39007 96893 90601 89439 88461 15045 73490 15163 59299 82701 41800 40986 37330 35499 26510 19449 96014 64084 56052 53002 11445 82935 75854 42674 25116 21022 20122 90047 71784 29625 25431 89308 6492 6393 5564 96193 78606 68163 66719 94750 66619 84077 61045 50222 40083 70751 61335 91780 59309 42884 99033 32191 70615 49196 40602 30638 96632 79760 15844 3148 14158 92317 67101 66513 53176 39748 64547 48377 50750 26961 6958 97381 78182 53186 31659 19543 77539 53528 9165 87625 2405 98936 75033 34262 24436 97038 94829 93513 85584 77898 66470 8555 64589 17447 92711 8367 85110 80684 70895 7783 4849 84899 52918 38127 94082 59062 7198 80609 26109 8138 76471 12924 84725 71081 54605 42492 42163 42125 17041 98597 88332 75711 60947 88239 55029 72510 11273 75906 46150 53372 36790 34003 1624 84756 54377 38978 91134 87348 30283 13080 66019 46293 27848 22123 6165 59420 29174 61315 53928 13478 95319 82415 80166 55460 44807 43034 31084 89690 17843 95940 89774 5369 99193 31336 9946 53247 28538 914 96464 86937 72609 56964 38787 23179 61879 46755 82751
61 192
95736 79777 77811 76904 72762 59431 95790 73075 35036 22849 22310 95311 70812 35398 689 70655 39157 75368 26317 15493 87878 60332 60305 59252 55072 44957 56972 50676 45945 24031 69677 56642 46959 98533 38562 15005 84783 58298 44839 7009 2177 99258 55497 45942 32628 78721 44808 10887 33554 97311 89144 47616 70631 46413 41653 25622 37384 7041 92223 41180 56342 26736 20716 72097 70190 50273 2236 41607 39990 16930 69107 78728 27235 9348 87586 27683 4836 58788 34358 57672 6510 65797 46671 36934 23520 21166 7987 7184 76560 73480 11216 9043 83096 80735 38208 63865 50167 23676 9652 94731 91830 86495 59422 44212 11457 67208 65765 96085 69748 34833 16623 77860 35284 88179 16667 221 98816 13697 96763 47837 45396 23718 72274 53272 44413 16895 4984 91817 97402 97069 81459 37159 22738 49378 49325 32708 6079 47868 42577 79322 20945 96625 68823 62036 22083 2038 77920 76427 67607 64654 27866 21780 93285 41854 95501 79470 9097 93205 81490 52549 39309 25900 13735 76555 53751 2372 32946 14342 80330 77956 74511 48468 44943 23410 14439 53249 51325 7412 62794 41993 26087 74819 31599 23702 98381 62735 57685 44515 28368 9960 47832 67409
66 55
51874 84205 82581 65195 2621 51547 81243 59155 83093 64577 40818 4653 92889 82073 66659 45522 37729 50550 8883 53161 6366 83020 68530 98364 24261 83776 10346 26050 73854 29694 87164 91426 24235 83797 22265 6699 58881 26949 96568 5578 22560 58966 38765 9676 67258 54455 23674 74801 1307 88876 42839 49036 4022 4609 7049
69 190
14377 61213 36263 10021 99874 38702 27360 88039 11379 95379 65239 3706 98194 72826 93990 93785 48970 88566 64077 84969 67312 63533 45273 24 66981 9903 87362 62225 29638 19179 5226 26377 4416 82285 63811 10082 67377 41082 69086 99816 50043 89937 85406 13160 30112 75527 45756 44470 5675 43552 23049 82183 47271 11707 98110 10848 9267 63823 62845 62174 57143 16628 16495 16386 11076 64542 52437 29816 8297 71090 93273 49683 43489 70291 85570 98606 83132 55302 50600 91269 62607 54651 76011 60959 69441 58237 31327 26157 82174 21174 80832 79917 53458 36980 86585 43026 9491 92252 74060 74699 26171 57319 10579 2288 61082 43032 67706 72690 66128 66234 3231 99586 28570 12607 44041 68392 66000 59542 32198 81707 71561 80183 64037 14441 15607 1236 95452 59075 56874 25878 91940 68004 51930 83213 79364 42752 28231 18824 72490 40050 4039 65439 95193 66190 61582 2711 10364 62521 46602 59383 39857 3 81164 77181 41959 99807 61445 14792 7874 90038 67509 52542 41760 98689 97205 64943 80905 77340 32915 67468 85470 60557 15854 98864 95459 17953 92246 88784 68216 1252 90402 84446 98613 89333 58182 76007 62758 97914 91353 76491
71 189
99485 82273 36501 77393 32802 20784 12677 9494 51912 51851 41021 7734 65949 20104 67288 61340 60821 84843 4063 47612 9617 63350 93459 67563 54031 51380 54274 67812 17236 71649 70857 35662 26944 63018 93572 43401 21165 87992 61660 18012 93018 19271 16097 85421 28627 59685 53895 9553 511 13349 356 78373 90789 36419 60537 61810 35211 28323 30299 43741 76869 97443 49691 18637 72904 32137 32135 92774 95422 91534 22073 35475 43467 74191 94351 70315 58009 35720 27182 79354 34672 1419 20819 11462 37690 95756 38465 58423 77098 12676 28138 62876 28424 93353 86137 83817 30588 9815 7505 54953 61465 56658 86912 68517 66441 58288 53580 18086 18084 12218 42664 17598 6713 24746 86467 85596 44737 30532 87715 51119 24970 37162 75027 50490 60590 17905 37980 68333 11814 11095 7428 83779 53639 46941 31222 91076 78552 3974 51992 73918 48748 36475 20935 71884 79690 76171 41928 57172 48040 25390 56814 1406 18554 67592 71052 41759 41334 93472 73738 37915 38239 33620 3200 36894 57414 9193 74952 63403 56702 78946 67869 26934 24334 38867 10761 68761 6195 67912 22379 81452 49638 97545 80491 17579 86770 16592 33812 94797 32357
72 188
99601 84387 59996 58948 95105 28379 7495 147 98505 85355 51333 46487 10286 75955 58208 11848 26167 19296 10681 4711 6132 72945 18003 96374 92735 80241 35996 2628 37103 93328 92400 73734 51029 59123 27465 9973 43733 29705 74149 68655 59966 17713 67169 58689 23918 83930 61414 55378 30067 19530 10454 57616 95021 88348 15093 74179 68505 5887 28722 57897 52091 48316 32713 90688 72782 56072 17181 88756 66585 94525 87244 85744 81494 28104 944 58000 27241 34869 23745 17424 98744 39515 62352 17660 12024 94950 48088 37536 34953 27191 21774 14719 88723 81516 67342 27830 19166 6396 4554 92274 70146 58328 49625 45254 91495 90719 81955 68774 63815 83990 82490 79546 74752 25747 92292 90174 36229 77510 44806 36944 81461 67268 60659 57088 29406 18175 97047 96324 91777 84849 81199 68490 27142 22867 22368 10231 76222 4137 99588 37679 95928 73883 60056 38557 34409 403 59182 46740 79334 28176 13649 10276 52548 82141 55200 25094 15162 35721 33869 22772 8770 78607 63046 49151 86109 77403 73464 60658 50378 49591 54832 48583 49620 89417 77131 76727 67528 30357 29959 27296 78959 35210 29887 18347 61189 5134 20727 18324
80 187
77309 24518 85087 36743 6069 75533 62042 98793 28863 61590 21240 70486 59809 57111 32071 94015 24357 18331 86261 28910 12657 77147 37056 94061 22092 42286 5700 92819 44220 62072 82373 88602 89111 60616 59994 18797 39915 15217 11251 52139 75224 7430 42182 33209 18491 97247 17366 77307 95052 80588 59757 12119 23837 19599 4776 84380 26421 27441 80395 31310 21153 7425 89521 55506 52460 22427 89275 79491 65915 59001 59275 83516 60582 7398 73795 29294 47588 35630 44763 12976 43327 5957 70188 39862 85347 74313 50538 66365 75967 12936 7708 70404 67297 45600 23454 35984 30185 27040 34868 78640 44136 68119 53478 85215 5001 66178 40674 28257 56829 91270 65108 42715 48664 67225 65872 30015 77114 74837 64191 52161 32932 71062 14743 12945 27048 99648 29043 24063 59014 48766 88435 45607 12909 72388 63933 61153 31955 2349 59570 45372 54594 3876 97605 92632 91877 39054 4953 95011 93729 40720 49740 46345 76936 14061 13136 99264 19998 95933 4501 66328 52254 9560 48878 21793 14940 13869 94118 55424 14961 68443 60882 19854 17999 62471 18642 62553 97212 27192 76814 1522 98658 29639 60316 32801 38519 45021 34268
81 12
61114 2707 37652 79916 4736 30539 31106 53156 79511 18456 86279 9268
82 185
98639 94427 74817 9965 92751 43543 35839 70156 57275 20668 1848 86280 73030 88665 76430 57333 53781 31520 76268 91410 59437 3189 82204 73714 24571 6420 70907 67820 63804 43642 32539 1458 81450 77083 62171 36917 55938 89648 23378 34537 81552 21998 39969 13367 91355 78104 74244 18699 33418 1282 70707 7123 85113 84319 31292 10262 84501 53094 33823 19761 88255 62979 74592 54485 14165 11370 29433 11496 83871 31834 58566 45634 11064 90216 79053 57226 9080 91552 69297 57780 27270 82392 77399 71738 65730 55803 22409 87737 45284 15908 93366 59643 39591 14854 97380 45565 33262 8159 17160 73346 71343 6773 71111 37464 31055 87438 76343 63801 38835 10802 87595 53693 38877 11287 91349 85604 83151 7062 51603 21316 13241 42615 38401 9642 7745 87146 41626 80749 61079 97857 32711 94922 71516 63230 41916 32256 83224 2363 77823 42102 32000 13668 5634 37020 63764 51149 90857 1755 56149 42097 10486 9480 8556 87698 87030 36712 27365 8716 1694 76540 55436 35704 90555 48819 11552 28888 96783 67293 78162 28038 23527 18759 83672 42883 14186 37650 94592 70782 58645 26100 3103 20649 7603 78772 33982
85 36
63509 76488 77138 10038 52245 67527 90886 59961 12098 36833 15970 17122 9166 24156 87157 13508 66384 17360 10525 37999 2631 57201 3925 23711 30861 3402 63586 7691 42497 28661 70639 11414 37293 32807 3554 56350
87 183
90028 50311 61192 26373 13338 98699 81491 21129 83558 33726 2027 92428 51683 76971 31066 2354 66574 6115 86479 76295 41857 9022 1460 81512 38236 24582 99596 73969 66330 2028 86896 18872 26277 58719 43136 28748 87764 87251 70206 61317 54032 26785 9943 79318 98724 58254 46923 39281 6934 42628 26904 1151 23186 18218 6341 80798 77662 77578 74402 40441 11584 62291 23426 77979 62109 37222 7977 48984 21807 84522 99307 91007 10479 96987 74709 63325 81216 96410 91670 7205 80750 92812 80985 60644 44995 75498 31905 29148 83376 61597 92609 30247 66725 28844 99876 43035 14928 22980 21752 17135 3617 62372 59926 14529 26162 4414 42150 1732 44928 46275 78371 21928 96688 24604 99933 23526 65752 64892 40830 21104 79093 45820 45227 4556 3489 99288 88002 7222 90430 61444 28244 24851 49299 7370 51406 8781 47804 40692 28971 79996 38904 28250 53499 98818 82891 53538 71939 64794 5737 92719 80717 66007 47184 4758 46486 27114 10854 1888 88716 57701 56171 71221 62208 44643 70494 58004 34377 26857 13976 78729 51715 49048 33049 94144 65545 61125 32850 8531 45079 92201 72503 42598 29405
100 182
48005 32338 65341 22726 17367 92602 91112 85770 76271 39290 23968 12525 98776 94985 93333 65616 26199 98180 89200 54986 45313 40500 22438 19783 19491 17224 82351 79208 48031 8738 1029 85833 65627 81291 51855 50500 38555 85494 45335 77108 76671 42494 28978 7337 5145 2883 84373 56467 42016 86921 78832 65713 51205 43785 94818 59229 34569 91896 58633 55356 40063 12696 85668 74485 62821 51647 28695 23233 20039 10910 75220 71818 7718 39013 95004 42659 12540 66810 94068 84825 84569 82155 65040 57975 29473 23392 98105 86329 47910 40263 34812 13193 103 62572 78723 40848 35137 4568 94040 93837 92447 43814 1208 47069 35978 26756 8471 74605 5860 40552 24477 10232 84662 84595 61167 53082 35065 13855 61446 42078 58610 32219 29827 5116 96655 80831 47515 7434 7244 71944 96413 81605 73763 37307 28963 23198 17331 68471 61228 41660 11831 10713 62824 73941 61948 46282 88258 82457 52835 73561 73324 67652 65524 57270 54295 23604 13639 5357 91673 91505 53175 37490 88600 75399 93691 23440 23345 15655 8576 90672 55916 48640 38083 25566 22209 92940 7266 71038 51900 46485 18704 93993
112 181
79703 82288 76912 59396 59852 56065 63867 42530 3633 37018 20288 2704 1464 17771 47031 8967 6733 52649 44833 5844 91977 36505 78857 88512 56071 3481 99223 85181 24010 94835 99169 7737 3894 45082 42660 42281 22625 99652 62913 69088 68186 56081 26225 15830 33709 15993 84660 69548 25595 89519 47498 67395 40565 12971 42989 38960 71227 61223 860 73761 30976 31090 78620 83926 83583 33394 48747 42310 72520 22541 14820 9263 14516 94877 24588 19739 53061 16777 39937 66597 68544 72888 17747 77266 55368 91582 84687 36521 45542 12880 30421 18283 93885 51841 16438 4206 3795 99646 92051 73410 61392 5183 37575 78433 93685 47522 922 32988 12499 97587 78813 50419 48397 36299 97092 96084 85488 6070 77519 45193 7512 54996 60806 96053 71540 87111 53849 16429 90179 12231 85459 39405 4808 68762 43820 8484 57849 18096 75348 38408 64222 44011 84557 82673 99405 61604 10861 89623 45268 88248 64856 34467 20315 92933 66502 13523 47367 85536 1204 35556 49923 69946 3213 69615 35589 14545 97508 76281 17956 86432 7990 20856 35530 125 93174 59960 41813 14555 2675 992 92942
125 180
99351 82267 24274 23556 3270 1651 81000 46326 33164 76183 73405 60788 59263 28564 19105 9305 82372 77474 61714 92888 60799 6219 28263 3757 1925 75385 92141 68574 28962 12931 4965 69374 52507 23575 16186 14817 88144 38232 42747 39828 27026 72711 62017 25385 3007 46965 93059 56605 97733 91126 3641 77713 37647 32389 44497 37223 11988 58626 37185 10707 97325 90869 11611 82340 11069 96670 95910 65465 47286 36940 16342 8598 43699 10785 91483 74413 93941 29215 26362 14142 4310 87648 86044 2214 85629 66580 46233 98417 88575 48209 26403 35883 85841 54 34658 94572 66474 31297 98232 78227 29553 28642 85165 31391 78660 25476 21070 19871 371 35160 61901 33151 14610 72138 27168 25044 74114 73585 32652 63282 14427 76475 59835 36070 26416 24234 19632 39449 17373 9248 46135 71948 51376 423 86540 77622 6339 80885 46305 28966 11717 64281 56219 427 89184 19635 5806 58901 46871 27716 84180 65306 89543 54706 83591 53757 50661 45172 27452 29776 24802 77579 74919 48120 46711 32329 49269 71326 61211 24745 17681 82329 13332 8818 33826 28247 65934 99656 85685 80
140 179
94656 54386 86371 61757 17689 50268 92443 41317 87620 4112 90305 68429 70355 73562 72528 53923 25186 3704 40875 10281 45501 42964 29478 6400 22610 61605 55710 28236 54360 23737 71008 8238 81478 78706 10969 67661 97591 6900 99230 98338 78478 86524 6205 94395 21204 50851 24750 79103 41642 95346 637 48442 40247 63843 58959 21977 61466 2898 95094 94978 16925 7347 78090 31215 6241 25920 56239 17613 73343 15660 94608 58024 41486 635 2008 77803 52516 52812 79182 43736 77859 19399 98835 14739 99698 89114 83279 49859 42541 51091 48144 20079 32753 20277 40940 63104 44731 84018 47120 30882 29385 19573 2140 45147 68408 35471 38634 35009 44252 10078 9208 22850 87245 70362 14844 62189 12514 10804 97024 77766 50804 89050 38704 7344 84142 41519 58 836 40430 97176 26170 93335 83868 562 80282 39642 67642 85222 20941 68308 40747 36485 82312 11407 16389 33091 91034 67983 47758 45895 27803 69035 16100 7341 6692 91277 28769 36434 33145 47946 26537 12491 72925 59717 31868 10130 79108 13430 69050 57436 28076 21028 12991 8906 80596 76470 22157 5555 95265
151 125
1063 72914 93278 66577 42289 50463 57737 22172 89981 81887 81440 12227 85343 94073 20367 95672 93964 60018 52268 70890 57864 52060 59133 99426 74518 60878 45422 3882 83675 94817 66306 62966 74962 40324 61952 99968 61361 24814 13695 19488 34736 21629 11511 31445 86068 46008 39443 63638 8362 86658 61090 54504 53402 46573 50659 13018 2800 46808 73117 71854 91127 85084 74481 38154 42330 67648 55047 90639 33737 94143 53118 18503 36063 22487 83053 98821 12831 6657 87974 17742 82710 4313 67889 67825 50964 35915 31634 53871 29044 20146 95242 83191 28516 64097 3607 9374 75019 81618 56699 49043 77848 94791 9294 63020 15402 71312 48882 18214 82583 77500 37301 61686 41121 26883 62501 15891 89276 96155 82793 46133 7687 17215 89720 18087 10983
157 177
66296 53608 41326 39988 33393 95679 72788 53641 48698 22957 17964 96573 94692 83498 35256 34269 30602 15582 91631 84686 52690 35388 30426 27481 67896 43862 34930 57728 79325 61516 43545 42128 67229 2260 22798 22448 80526 71127 22895 19146 7665 83211 44401 24380 21859 54877 38321 17157 4828 4393 84795 80072 21378 3000 81819 73009 46044 1209 79672 79381 44486 19723 77783 54590 27355 61761 14543 97574 87169 60974 14049 4799 65527 64311 42860 29059 32347 23776 12047 82315 19517 72441 36317 35727 20889 19190 62992 36153 22763 5414 90208 34678 28021 99053 96779 47822 98694 98564 98340 88926 88399 79327 71728 59117 84745 56299 26986 33614 29311 96093 94999 69763 38573 29757 26404 89525 85106 60246 12602 12171 85657 17210 76157 48474 47877 41436 59600 39456 35177 67393 65596 24047 67030 59590 16904 9023 64344 56324 78822 27978 89146 76897 72592 15290 9681 92018 91679 42080 28911 15868 91577 67748 23601 6762 35716 92262 83845 37181 75183 34936 34054 6472 81234 59103 19450 72639 50758 2242 81111 61865 42556 24958 16078 91609 77502 72332 23206
158 176
90949 10580 8287 34854 84417 13828 4977 57946 87523 26397 71260 1247 75825 34346 97709 93446 6902 3647 77748 78396 69541 66424 18857 16582 1741 86853 77555 36168 82652 60481 59812 52940 36447 25581 3434 4179 94799 59983 41677 26858 5152 92268 46776 33177 23340 68466 3968 94300 47574 45065 37966 28000 39400 37927 76871 72425 63060 65117 6248 82247 60513 82111 38092 35117 5967 70449 42838 18671 61418 1824 75695 12057 76394 10376 71946 68675 8002 84282 84076 91573 8975 3406 80592 30277 30200 84539 67733 17556 87643 48756 34393 80340 45008 43861 29144 24881 12690 42024 26002 20563 95486 563 20829 5349 88971 55212 90696 78811 66259 24674 97785 50142 16406 11038 86563 62207 46299 92176 61607 13556 8947 49095 60534 30295 24471 91423 20077 86128 96795 93175 65353 49961 27936 8534 74197 27357 15994 21008 78639 12226 9831 79411 44864 54845 49311 64561 20873 3079 44144 21570 21199 39552 32759 18373 3417 80179 19458 41875 21727 11454 69422 48958 23512 21621 90646 87019 64211 34062 20978 12671 92661 86985 75513 49289 5179 86436
164 90
52394 90995 83016 10793 45216 55043 87950 20680 11872 99120 62472 44039 89894 59214 16718 80699 85600 74345 74503 45852 98865 39244 36024 73356 90082 74857 1906 73205 38146 39592 20399 69450 10995 59629 49799 32816 1506 69476 65930 27259 30742 94566 8446 21161 61218 92975 83720 30927 76796 38473 31167 6467 47913 6369 41098 45840 77632 42422 82682 73778 82711 92517 18659 22960 40814 61295 25021 6040 85835 50497 81108 25033 97644 38966 34998 55624 87553 57117 32861 92346 2534 16900 93768 30470 98887 89018 53979 85891 7195 57211
178 174
85431 73877 15516 60432 54730 6246 3695 81449 75469 25255 24801 16418 75322 5376 90904 76333 72608 50110 91466 46060 17798 14674 82255 54094 13498 88817 84814 65637 47690 46635 1782 77613 72941 51705 38272 564 57894 39381 19305 21200 13977 50084 38506 19801 94795 92044 69856 16187 9407 65559 33218 90224 49959 44707 32226 16690 10885 5873 35493 21286 6321 47017 29241 18581 78446 75571 29363 13148 94936 66376 64051 34086 23446 68706 27140 22109 11952 2974 96244 71009 80392 65598 7247 88198 37215 95776 78071 90186 8056 429 92100 39495 20422 9317 98402 78085 69908 59663 57109 21115 67097 48529 24273 37001 30134 9646 91473 68029 57399 50505 15525 60351 12746 89475 82385 59707 16585 91931 72171 62732 18549 4538 53108 23500 20267 35808 85460 69967 80389 63897 23026 61010 83934 63753 90773 48228 41300 55227 43409 29998 22584 20509 76731 55825 24498 18578 7744 94177 63173 11741 8610 56490 40543 33013 11903 95969 67975 3106 45337 46529 1333 91045 75165 44132 39454 25398 58715 54081 31703 11195 37486 35207 63518 46933
184 114
15966 71063 45208 84293 75741 21631 45038 73283 74200 27660 97355 59034 7440 34471 97951 57958 3304 93019 38492 65 94499 3206 23840 15454 10413 10844 66902 99129 87087 90160 63736 86064 65861 41939 4506 51569 48314 27726 79310 15548 70901 32042 55429 27370 66977 63440 62587 39912 1215 96428 30946 88286 75548 95179 62950 17680 16883 14296 1864 603 89777 37017 51879 68468 8758 41606 51385 20719 13472 94591 41214 95709 706 77516 40729 17115 45692 62264 97295 86113 60033 8425 66588 45827 35634 45283 81631 43498 47344 75375 20906 99714 58628 31239 90031 80896 90062 71760 98996 4877 65475 95554 78414 80508 76497 82678 48347 1296 5388 2473 71261 45857 19250 8392
191 172
35187 24983 72377 34146 89654 24308 97903 74042 57479 20942 78572 75833 37262 72068 18069 76598 67641 44131 69937 15086 7125 34497 75956 8252 38018 51709 19043 5253 37569 63573 7525 68206 60005 77929 69975 20754 58173 16150 21297 4576 69395 71997 49241 47576 12165 97194 28584 24619 42183 32940 85303 12450 9195 633 21191 8007 36740 44824 52192 17836 64771 36611 26772 90758 26197 52186 29692 26098 97096 66291 67330 16822 81628 88479 49411 9672 28644 57877 38801 74598 50902 62914 71339 67584 55270 20641 91224 909 88320 49308 2957 2187 61484 77778 29029 8996 52167 3014 30994 5365 86093 67115 96189 57592 43902 59763 69239 47263 4367 86725 80397 14753 98645 70045 11293 74354 58284 44538 43887 98559 80204 41347 3575 99111 30528 4563 92525 62574 45672 86910 19611 6384 97638 64007 51096 2682 51156 10751 10075 34404 68469 6779 39631 85900 22883 38515 27099 21441 73212 95366 50375 56275 10841 34860 54495 87763 62700 16624 98638 92217 90431 37642 35802 68657 63599 90560 60200 96286 17171 48461 40588 17204
202 41
8459 82705 20207 77488 37429 13591 38706 24816 18722 36825 39499 92132 79783 43387 92210 71119 54156 37272 47813 88631 43266 22889 8887 24837 92699 31837 2115 78222 85648 21088 20295 14770 94808 80647 5922 39869 5627 54672 64825 82484 11629
209 170
74594 56274 39957 29464 23766 88554 86616 77998 59445 55663 15873 2422 31727 88808 2984 99004 8248 69999 50963 45077 40398 4391 95405 88360 92953 88852 63183 53786 5223 75323 72777 39268 6493 1982 95909 60805 43021 60765 19917 13168 84594 63515 36925 94339 88442 79487 70228 57945 36162 34567 18949 76856 51869 45370 45721 42730 38487 29525 28228 18579 7917 99961 97234 93733 73055 70275 69464 40571 37070 71694 56664 15403 82748 71473 27975 6180 79580 76048 37080 9384 2033 90316 65089 59000 19074 76136 74921 15417 86039 85490 21996 5394 87093 47507 41509 81771 65391 6062 89660 54204 53486 47771 16805 4382 75684 50057 7391 97851 60091 796 21863 90060 28072 10876 5062 1424 97036 92846 17464 11360 69440 53865 79988 46219 35826 50499 3731 75245 65694 61972 56456 55495 31985 30290 11000 74746 14301 9635 1202 69736 25061 93996 36496 3535 87170 84574 67751 45381 37415 25793 95574 91676 58537 48155 84348 79225 6919 3109 48328 84010 42195 37582 23623 92685 15043 88322 72439 56903 21026 10022
233 68
72800 12612 88769 47390 28283 25262 95770 84370 60486 71385 15738 6489 63762 69606 83721 14044 7574 17990 26943 13953 48126 73002 49723 16149 96984 83716 28073 44501 20353 72359 26491 41182 1602 10642 34989 82027 77384 94158 58864 67783 48463 72822 39377 67116 76529 61684 38056 50994 24361 82651 18886 49919 19845 18159 6552 45297 29566 84936 89884 61363 68014 58815 62034 23855 80620 75648 95929 65203
239 168
30252 57923 43262 82491 79863 88647 40411 96466 76112 21627 48182 42799 41139 6264 46467 76644 31396 8124 78678 6464 57054 9685 70364 91208 56928 37172 26496 14456 43596 7394 29894 87045 73042 46802 38861 10023 81970 43157 49254 6823 96953 79250 60441 81474 18388 76069 72141 28385 14201 12590 57434 38444 13846 9627 85799 81318 73694 40647 37257 68276 8028 39039 85662 77119 73207 12093 78925 77927 9601 49126 83808 45890 29027 57779 33161 79784 3222 29744 52646 93952 66302 46684 11677 73555 70958 54547 18128 75755 23884 12743 591 25172 90364 49665 58375 34100 90975 88523 43821 31616 94806 84683 70724 22756 12800 42997 7852 3859 60867 44297 98334 97102 22891 18666 72013 54424 41254 12848 2109 55377 51753 41298 93655 91634 3861 98761 43091 21086 6799 46359 18570 12770 90762 48352 20816 66547 13183 29574 58071 48847 11904 5174 58935 6923 38513 24420 95210 78152 6327 71437 38758 62317 19509 31131 30844 41506 25214 94482 34172 72894 66514 65602 31760 14685 87639 77052 61950 82804
241 167
82496 72093 35347 22941 77945 3902 42981 9809 96750 60886 32777 10918 83740 83202 79135 29335 4621 66120 31867 32632 28158 4480 683 89836 83956 35942 74719 29651 64217 50079 35317 92527 82379 36951 86505 51537 91814 91111 60911 82989 71215 32443 85177 92089 59714 57499 98438 88316 49632 98140 38429 33612 16136 79946 27150 47675 37122 93707 88641 80296 25483 9421 89239 49216 47178 39584 22072 15886 14429 99989 88305 76196 65812 62022 46779 26631 23459 65535 6948 76735 78340 36742 94723 66551 66498 14032 85458 87911 65304 24098 70858 27138 93142 75207 72654 35007 99165 87696 28431 92043 57381 34077 29576 25648 83226 1487 35200 74017 67047 37852 87408 48992 11578 94053 78943 41355 18404 94136 52797 48598 83486 73358 82591 62250 21329 20036 59450 16654 15421 98703 19402 84560 60356 24210 92870 67182 60314 58017 54711 53761 62639 7281 12287 45046 86660 69811 99345 85441 77070 64231 51092 25524 16551 73121 72320 49467 25805 8756 87760 64941 45914 26467 76815 75691 80663 53120 33833
242 166
12081 1303 30964 23309 16393 15635 32858 37570 90722 65180 64947 38924 27769 65383 61215 17933 20339 18145 93575 49056 12896 97427 14799 92149 41395 86359 33401 20383 55520 37892 32637 90908 92629 69741 12518 59530 58919 61062 36540 92904 70020 64039 12546 5609 69834 56439 38221 64978 36182 77616 53026 26568 40346 47442 22996 43758 12435 35599 11331 53136 34971 67911 45413 8923 60107 55372 33638 53231 57836 11812 54731 29481 79359 26544 10895 78544 53088 53963 79920 38343 53320 19066 15059 14607 94757 16347 3786 45930 90570 43398 48619 84195 33364 25171 5660 64322 63064 54158 98441 33716 17024 5931 29132 94394 71813 24818 6266 80862 34329 66289 47879 6003 61332 15076 481 96781 5084 84292 27691 88404 74189 95296 59270 96624 49756 4377 41876 63075 9219 81625 65278 97752 91934 33153 104 51691 42511 67593 55172 13847 92467 88412 48759 75252 49547 98423 26466 44600 81996 34924 6136 94705 40394 15998 23496 36417 85877 71910 84005 49174 30451 78954 40948 68310 77582 5870
244 165
92358 79903 34616 90852 76722 10571 86454 75939 39943 898 73588 43478 10149 25034 80560 10455 5534 92069 9016 54772 16841 1605 95162 90774 90247 59381 76576 72792 18614 89839 81082 37342 6832 63426 43746 91735 56542 34763 5621 79111 60695 33794 43589 24692 18264 16431 94192 90713 81348 86664 6509 18932 98481 77904 62140 42618 23887 94185 88577 42733 32869 95542 75946 8005 20 95006 21871 16263 5108 69537 35643 22378 4680 87508 4059 27309 64400 42749 72731 19174 81908 63297 16823 53465 49644 41494 73152 70263 46246 3522 61900 19656 21002 50066 41753 14188 98503 52049 15833 86755 62284 94088 86229 76594 71809 64888 75127 42542 40397 28742 4451 1494 571 53317 41832 38228 13513 3761 29678 19500 95495 83523 45990 38098 99924 65320 10332 59070 99218 78578 49754 86175 32695 55733 18653 39460 27220 96493 64815 27092 83326 7983 67791 69186 62182 51611 71322 86023 84320 72317 66938 9355 77908 10432 61840 77064 4289 82438 78042 13278 10505 88418 39009 85563 85818
245 164
11447 20228 5746 4803 37171 23758 2789 85961 84632 83470 54439 30983 15812 53332 90251 13503 74764 38352 82510 66348 17017 43622 3597 89568 46078 92394 76624 29088 3292 93485 19909 35718 70022 62275 68013 63343 45975 16439 89445 51313 73964 73221 67311 95713 28869 17701 61278 16447 6426 74756 23713 57004 19164 549 6675 2740 79254 68085 48434 92634 35094 17875 1267 89006 5897 22943 62035 50679 95547 50022 48753 84525 24935 12965 93660 68256 75751 60306 20496 16754 38733 30664 31261 14669 85921 59986 59478 38106 25123 86134 85975 58562 80779 10814 10561 33382 74391 33376 64230 33166 75320 46887 22059 53234 18372 46507 61636 93637 98702 72923 31451 27700 90582 62679 83197 7561 26717 15588 2502 90015 45765 41467 93334 52141 50478 71662 3667 82565 96147 95595 54149 33529 24706 82606 45548 30802 17653 23908 16747 5943 69178 99920 96252 33366 87497 32533 22728 45047 92387 82196 74277 46750 39579 91479 18426 15009 11706 4544 89965 96797 65755 3931 99796 2664
270 163
86761 82414 21589 81682 97077 70955 27095 87259 88508 73950 47755 38132 68461 33983 9846 68598 57718 52249 47881 69396 42197 29239 82260 81581 53921 2450 33564 95589 29984 84154 20035 82212 71376 18925 1112 75256 35430 14534 6590 24020 76950 60531 5577 91599 51005 82629 44847 62173 43541 72693 18182 19899 14917 78238 20583 97130 93250 87027 79415 84731 17385 88576 67780 54773 50135 6720 91753 70680 47351 15567 65667 45962 81904 98082 94115 17930 74174 61249 59795 979 94356 86712 66690 49597 82347 78547 43867 25778 22725 4247 71069 70139 52014 10915 98944 74802 73977 61362 27055 85103 13143 64296 33360 99377 75873 72631 70789 17993 91967 42472 64625 95625 43275 73470 51988 35637 6677 94824 68016 58605 8888 71528 69666 54860 54307 96275 68063 40195 72302 69599 26220 55255 34004 14577 8164 76838 73237 59092 10394 24679 58596 45338 90714 89065 80698 70009 69551 25269 41696 90205 40946 57861 40743 28643 52390 1179 29654 14335 11232 43466 33133 46087 89179
304 162
19039 12788 78066 22316 92543 42238 42367 19082 20249 72032 59545 46994 23871 56610 54447 845 75887 77154 56257 37950 24072 91216 59169 36426 48141 42918 84534 73409 14627 65980 42214 89536 81286 65222 59454 11582 53804 55693 92004 23773 78083 40011 58241 60241 45217 31685 32690 26919 12541 48066 35932 6258 74931 64411 64245 85272 33592 26361 17421 96326 22566 84882 83314 41575 45988 23079 84497 13553 86569 49338 49944 968 66476 44831 63593 49479 12291 93683 5380 24316 83217 61963 7089 67736 61527 95092 70825 88589 39760 69740 79877 22134 16268 68033 91275 47131 23316 19884 27316 73767 84958 88504 66359 90526 67566 4208 89032 90278 73956 85945 36384 33736 85239 79589 39648 54683 35849 48010 41400 85275 36011 69671 23319 21258 5546 34975 23664 91325 45143 79017 84149 83707 67482 80030 38796 35245 62004 34695 79551 67041 65823 59720 86131 15539 39356 72436 99232 77598 60606 91976 70703 6748 81864 65530 60623 50917 43595 35250 7922 48413 43533 49818
316 161
75062 47273 77505 56212 7426 96874 87306 27590 48810 32542 8676 72022 41167 31953 1988 98893 94497 60397 96728 33556 2137 94807 3179 84755 43744 77214 49335 25309 77059 66694 85097 45887 65990 26928 20489 14244 83034 74530 71317 28111 83915 3889 45114 32457 96259 75078 1591 91318 89386 11097 88947 40476 37633 54607 62644 70737 66571 13679 49042 2659 55032 26226 20740 77078 4095 61631 11253 55697 18495 94774 2640 95325 57317 79323 54039 9794 16725 33313 81105 58413 52935 52354 74885 72445 38922 7152 32506 88578 32913 81878 76449 40043 20767 1910 36348 52101 53297 50445 38193 89781 56351 54001 43944 27335 28442 55024 29640 76573 37133 80375 52317 50413 87682 59102 77494 86685 61658 41902 6539 38150 10299 69617 23895 94703 84170 70723 56828 3612 92513 73265 72918 11938 84200 76779 93231 66072 37184 68985 1853 71013 93756 21251 41591 47637 40782 21900 19578 15368 12678 49629 13219 47767 28034 9030 38603 76044 71680 51018 93847 98292 68083
323 133
87719 13423 41379 37500 66247 58874 9361 49647 69761 52612 42483 85221 69294 99765 83438 74058 12292 7074 30427 46040 26123 13880 31619 46407 30305 92559 83188 86560 49022 16884 79876 99786 96146 97603 52027 97485 87924 20554 47949 10742 47862 7131 10908 4191 98578 206 73516 95759 32549 24758 68722 53649 52506 15224 7950 82910 77756 60787 6000 59922 72519 25235 6978 3833 19562 90214 67770 22191 80419 69094 67430 8522 67239 29926 1846 75477 65447 46625 91075 39569 40155 84285 68496 81506 92147 92056 59526 89470 784 34028 33760 80335 40373 70485 9352 23384 54883 86090 63140 5778 90888 9415 67626 10977 86281 83364 51793 3860 52467 57676 14348 4774 90458 33994 19825 96314 49188 35901 90606 73551 66542 41407 73719 90403 89716 26558 19232 2608 61799 76657 2360 47917 43633
332 97
94639 62457 28574 83800 56522 88468 62760 70580 76924 55456 5526 51117 80930 80396 90258 15741 44291 49041 5233 48973 26489 43795 21089 66448 40702 69561 94685 96777 80024 68799 35473 15925 68007 96887 48401 23170 16423 17375 81447 40205 62033 24360 70013 99260 63409 37187 54767 67038 41658 71646 39805 35021 27381 60593 98779 77116 85279 16728 52499 17193 93117 78922 8838 83363 76291 7891 18461 22443 6371 96040 96378 68766 19625 52625 8874 71191 71492 54355 17885 57322 37060 99086 77534 4661 77638 52830 29988 27059 15869 84988 52982 31542 21778 29301 211 53012 97781
343 158
94988 26108 11226 552 50507 89128 81869 38463 24908 96922 89702 6533 58706 53981 36377 25651 17610 84256 89563 36660 3893 85747 15331 87545 46157 44857 99116 85319 34498 31047 11215 62016 27746 31570 53333 28581 28160 52149 67839 65333 4192 62186 25781 79714 75559 29056 24276 19650 6583 56370 50427 94870 60800 59219 16276 47844 29995 16404 88489 30006 7056 74671 66087 48196 26069 24527 99661 57951 28183 37908 94557 37458 16432 55163 45303 29514 90737 25555 11134 80827 39734 33448 12201 7503 71666 45023 46570 42137 33591 19591 2918 64258 90534 90087 55821 46284 35585 86854 65819 53028 44832 13301 83745 76566 99706 73468 43455 7120 9499 71951 98476 24627 47199 4550 1996 1738 16425 12672 76174 57392 55978 7001 4372 89390 59129 96991 46990 13347 55106 17152 96012 93822 85455 81015 62560 10792 66642 25482 1861 97666 58042 52836 75227 62862 29933 73108 18938 9741 44518 97888 35224 9366 48507 43234 23508 7388 47488 43229
350 157
77973 48068 43339 30000 23282 17524 11199 32945 78195 48860 21429 5817 65681 48709 46545 36075 18196 13870 76780 81187 79482 48062 33258 73624 44211 97000 58542 99792 60922 61469 56119 97155 16359 57644 47634 97170 741 5083 25752 98959 94998 69328 29089 12932 72041 42826 56237 96564 40566 93700 80853 20598 86697 59029 91772 85246 97882 46362 47290 17582 5465 3288 89157 17213 56629 40950 26320 23480 11054 36942 61227 56155 51762 69144 81601 77831 4401 99899 34336 34448 38303 20578 47378 15371 9092 72230 10103 43004 30853 324 37497 34462 21600 53882 47283 37686 29646 55077 73499 31485 16397 93112 53245 69782 83035 63890 34919 54527 43600 6588 80382 46781 27960 25609 41613 23899 14446 9605 65359 36335 52387 40251 39047 32097 28820 45414 16703 94286 40618 17752 13898 12764 3306 98123 93013 90233 63645 52519 43302 82949 23470 9953 94888 56042 54526 36614 86108 78208 66910 66565 32354 19111 7282 77995 67666 58991 41372
366 156
24131 97610 86168 20253 89643 79700 78011 44200 34465 12844 71134 66705 90103 43326 62455 73458 41046 79835 69123 64756 5748 51582 54782 45592 72410 71233 30432 53370 75045 55885 16092 10938 88610 57544 43325 66061 49531 91506 61492 56340 89704 96068 89977 70516 56650 47883 29206 51615 27556 22328 18965 90235 20006 670 74741 58938 17252 91064 28148 37831 38698 93938 70824 6042 74655 60469 39923 32596 87783 50746 23539 18071 52573 4399 96112 15123 97395 56391 47215 45623 56561 31580 92560 89909 46429 86455 65486 2923 99705 75658 60259 36634 78257 60502 88158 89556 62383 73575 71495 99883 79303 73477 62143 23771 5269 97933 8194 59798 24593 72972 16214 42398 35611 26283 15751 3008 85463 96510 46153 82437 72905 86913 74616 51605 39793 6418 39798 25607 19831 11686 10733 59869 82814 50171 85395 79638 78135 29151 50157 67066 39125 42474 65844 42572 65247 32860 15196 13762 4478 64747 40595 6585 71401 65876 55511 16946
387 155
45696 95512 59137 28634 11678 33559 88981 41487 32382 61280 38277 1529 55176 43247 83039 44795 20701 57144 55341 26677 20283 90250 78404 58989 55553 11019 1811 44327 44013 28213 90764 38870 12312 21810 12950 7005 90025 62991 47317 75947 72052 44151 41495 82601 10085 86513 63085 88692 72263 89402 27520 7945 10096 8553 89272 41148 99865 10182 82192 71753 40694 35946 24819 23403 83346 31768 72557 45965 13848 80503 72766 76381 4097 43866 34749 59416 48800 44242 40477 37692 28265 6370 91767 52823 33082 17289 92233 65297 56638 43928 91687 52666 88460 57874 55730 76446 69081 53318 32393 8667 79185 52172 44966 33646 50179 21567 56227 72657 42020 93401 73809 54022 72126 55658 27446 97044 81382 95451 63205 33407 89314 53994 84773 81172 64778 23249 52148 20770 23750 58164 94508 86795 36197 23388 3941 81012 80245 18939 36962 21847 70914 63315 55810 40385 37631 55791 53621 64160 81319 54248 53020 13456 61506 19811 28329
388 154
31811 3461 44768 69491 65226 49918 82331 59710 54576 99583 49319 97674 94279 52557 97694 55977 10357 99901 95677 42703 76667 62365 27547 36822 30457 48527 27445 85201 49290 13316 79298 64677 51364 49504 47226 93525 20092 58766 18975 48393 7493 71832 15590 35881 20635 12451 74869 71887 17276 86294 65863 31107 81396 23913 23608 61910 48850 26517 22598 82837 18280 2761 59210 21060 75326 70056 69939 67971 6821 81465 60317 82282 85862 73715 68297 4489 98907 13506 95186 66240 64354 58501 41931 32186 15126 14841 44168 40259 17008 16173 1412 52436 41842 57931 8681 13268 68315 53529 40030 92595 89840 94254 22214 1541 625 7323 18135 91344 67259 58979 37529 94816 52882 266 59080 27340 22121 45795 38755 84480 50388 45604 69778 62524 40993 93338 92285 16193 48317 30423 23689 1606 98284 79939 76569 74327 62886 22204 19404 29107 28575 85210 48415 86879 63664 52000 2308 69348 66801 93179 92035 61861 98074 95867
390 153
99960 57527 4894 94540 37897 21120 14561 5153 94755 32146 98156 54681 87867 47460 27743 10165 87200 89663 82684 40525 99324 83731 38676 8262 33764 12462 11997 57374 50770 76296 81774 32669 46249 90399 76918 67292 56574 1586 90912 82683 51367 38681 83272 71530 17711 62926 36398 96998 45929 14636 13407 62310 97518 86668 55690 50595 49505 48388 47395 33951 49839 95129 92015 86102 85101 74717 26684 77536 68523 58079 85951 45441 13891 12700 93153 75996 52718 14117 9543 56711 48697 80788 76173 47932 71988 34443 29352 83648 93992 83809 75827 49346 42760 34932 93234 50314 1571 70692 54429 31151 21475 92603 58059 55948 53167 35726 42154 63932 60817 35708 41558 41136 9109 8855 65250 90386 68417 69252 64391 96130 92020 72269 36313 83105 77947 40128 34449 91975 83199 57256 45250 76010 67655 97242 92173 78920 57101 49819 8231 7480 40283 8442 71042 52889 51070 42892 24893 57260 40553 79013 59924 33080 30915
393 152
95913 82009 15780 10631 292 97453 51566 10255 87326 46753 40417 49191 48021 44719 79795 33819 33467 26164 74742 66113 41111 17959 14512 53487 42865 5264 85656 34160 73411 22036 95876 89843 58148 89291 68343 59042 55169 21677 85723 78612 28927 99553 27633 76193 66915 55568 30973 9986 78399 57972 90727 75584 73102 668 50032 31810 11909 70641 70214 27529 82117 39863 34950 30310 19444 54898 12561 82106 62851 45444 10167 55748 37318 60950 41616 38927 21813 4190 46998 41210 97396 95596 52395 2837 97467 97602 53784 98397 73901 63569 35714 34957 30439 25416 80131 55670 42597 13831 99785 83829 41310 96250 82976 39655 2917 86561 83434 70109 67703 52081 36074 13607 6928 17805 65149 908 71176 50940 60384 34290 23677 77041 61651 60853 30719 14680 59921 73335 59404 91046 84167 76854 73085 51530 18341 3531 2551 67021 28292 71763 68061 74116 64488 16233 11615 96170 80248 62370 91991 30743 22720 8895
428 151
21178 57976 30215 69455 45612 63289 44119 29812 22671 62468 74541 72382 67465 37229 73229 59508 22803 17766 83184 77419 24354 69829 61511 8757 44366 12313 56811 63304 33114 818 94375 64359 61428 5459 12136 68491 17782 90395 64031 37835 87206 89460 34426 69152 83659 46403 96714 96004 57059 5337 85366 78918 44302 12320 95537 51202 31376 34949 57851 34906 69804 74879 81984 88214 79596 30564 6645 90228 39712 52526 77357 42192 75094 95902 56774 43906 39564 66456 54771 12796 10197 18738 96913 94493 76615 74136 23032 71483 58203 47603 79475 14997 37402 94480 7831 97546 68211 90234 37039 82248 51344 19034 89026 86125 65841 76521 15663 69397 93499 65377 78046 70185 14999 49350 37738 20066 27599 21879 72461 60789 90578 32367 16277 99146 50269 2089 48003 57118 86843 46043 66563 82670 34637 84897 37771 11705 61050 45865 43323 54643 78508 90914 95800 80130 66027 51717 27212 78023 54380 14812 38294
443 150
42797 3116 56446 30097 78082 57173 25422 8796 84312 68394 40167 39297 85814 52724 6494 27416 20040 91741 44006 85745 71133 91336 34015 95306 75088 53213 52459 87130 76773 84588 7497 53243 30051 26353 10834 56009 79393 58986 646 20238 765 3606 70428 72246 49494 48055 64545 59900 37979 91482 66717 48293 96785 82972 69005 71046 69648 54867 33350 25251 79519 32916 38856 18945 16868 87885 77308 57204 86927 43796 4880 91080 66003 3946 65738 4780 32363 14111 11272 94269 82114 1198 49728 79015 66430 62705 20559 23630 20124 31147 28392 24864 29098 97278 96198 68538 70804 23354 8776 72335 90090 44657 3010 74192 60712 77130 61665 94251 37234 31584 10902 99580 75288 66692 33256 8785 62345 57523 46271 3240 83494 70453 39775 35369 67128 5677 72862 72842 94587 79048 55060 27050 93362 66847 77305 62192 28425 1287 86284 21670 9047 70267 22860 64048 27015 13623 93341 74163 9527 866
447 149
93243 81102 45638 93743 53484 24411 17670 86206 76860 16665 19937 76356 66916 38361 97850 51280 72424 58573 25427 83932 15112 32239 20162 65283 62243 72514 63252 60682 93796 87092 64533 59856 15702 15450 78089 22374 25786 46242 69113 33590 32301 71716 68666 11163 95157 72588 66206 95062 91731 58923 81061 76579 33625 7536 50128 65115 48023 64839 47545 33054 88718 40641 86942 11569 47434 20465 97393 74895 59701 26474 57783 46245 17295 23296 94849 95798 26134 90642 40311 74852 55421 36158 61301 37830 721 94772 19020 70730 38620 13131 78904 80785 56528 48080 65519 5707 62871 33331 15503 2696 34304 32420 923 36864 75930 45530 38514 74552 93 10344 63432 62200 46774 34622 30888 60341 13261 98311 29537 81475 9033 84120 52296 23485 80943 48163 15433 73970 66056 50141 18580 15643 79109 17398 60077 14760 30474 43267 86257 38807 99003 38243 4744 68541 50074 52602 26979 60761 42235
455 148
87818 7875 11039 54129 71132 23165 9626 91295 74075 73605 72776 97974 69026 42293 70558 41837 93116 72714 70317 4842 4492 97132 50987 56784 24045 18818 44156 95470 70378 76068 23923 92278 54444 7339 6829 49951 18010 97758 63044 98901 8840 39328 27999 74675 94161 36006 35320 91733 53516 35336 64996 41394 55386 41225 14830 22791 91227 55244 49792 14563 79173 75133 68673 53790 99858 54332 90428 76494 44711 98786 63437 52426 47326 55314 93930 92961 9735 55320 82478 25017 23238 84421 76663 35518 21024 83666 47324 42766 14558 82679 46261 45566 80344 2103 30754 62068 56344 70718 85519 76067 69087 27773 65252 36752 88959 72671 10271 78685 96539 66203 88669 62193 63672 41416 32972 78747 71800 468 89167 86132 78739 13371 64172 52152 65591 50437 31684 26103 46098 44318 41777 97990 69827 59300 39597 3078 99610 89622 66544 34137 27543 24911 51290 52671 11632 95078 28580 9414
466 147
97793 96883 90184 82386 26054 99743 5996 13755 7458 60019 24280 64252 35830 57744 30477 83620 8552 51001 42356 12493 96656 85630 23172 73483 59111 51947 83461 44384 32475 89002 74556 74395 32487 15661 10026 97430 89540 69842 25850 11309 4048 60562 76 94426 73683 72092 60901 53686 36330 51610 45939 12304 89911 66093 26224 3496 93137 78271 40953 31218 10894 65855 19314 55899 61512 53269 40513 34354 19394 75563 59723 53610 84457 72506 57540 57304 13102 69212 67346 49680 47909 36138 96739 78329 61006 20998 18876 2026 95480 66118 30906 68663 13640 11319 7678 1578 89485 7826 76388 70967 26234 24853 86972 37797 20028 16848 76933 68182 24352 298 51485 97863 87352 73885 70991 32992 17200 37629 9843 97419 72340 57361 54821 69193 58855 47825 19972 97303 91389 70844 18616 63528 41615 16722 1751 774 74176 23163 48064 8660 45669 243 32134 1114 91385 83291 76276
472 105
21064 47418 7937 13621 57683 71379 77113 31907 74235 7251 83502 38442 27006 97276 32894 42855 99659 54673 73001 48019 2709 32771 90372 77871 27521 80158 52165 86628 55182 96055 12468 92480 9890 3201 15917 5504 82034 33836 98146 38309 62079 39955 8328 16161 89242 38640 18119 93899 13273 71359 80956 62344 38930 60046 24698 6043 44710 4884 58561 81345 29284 43308 44360 44094 61574 14741 41619 50205 15048 29404 15152 95571 33441 30140 97378 71975 61231 29602 63789 48956 4455 26428 77499 44792 88146 24379 81123 44309 81386 56184 63058 56854 12536 91672 76535 66954 37636 45190 73071 59500 64548 15997 45015 41419 89489
476 145
93908 81594 68656 16566 45573 39332 34967 12266 11057 9063 82521 63827 28393 12470 52762 68710 15850 81702 79494 16141 76172 71335 41199 20526 75714 49401 13967 11229 78346 19364 54393 79287 22719 45976 42794 4077 83613 60066 51658 32077 78070 50486 49047 47436 26708 4164 91962 63481 40209 41573 33335 92161 87371 58196 56421 94931 89708 6916 97920 87533 61895 61226 8369 81608 64145 90298 79561 25287 73823 63131 37093 17621 5579 95576 68518 12510 1566 86858 66170 16107 3548 45736 23237 18725 11568 93147 92255 98535 94865 53148 51733 15352 83444 19833 20556 40238 38652 92852 57724 45703 20214 18748 10162 62717 4629 89821 89516 42077 77652 4400 57071 17801 10682 87191 11508 75005 38896 30273 28058 22622 1963 76121 50753 33604 94186 92203 89345 57236 41896 99967 96651 10238 24788 4914 50983 98967 78796 65710 79474 2350 47270 97220 51472 40364 89914
478 144
74525 54764 48241 44394 11613 55590 94364 19335 86963 85733 58707 40006 24366 8713 7897 99747 86260 79412 71771 65893 29017 59319 80932 50475 79767 61872 60111 27634 58661 507 2490 2287 29197 60885 38062 27210 4916 86106 51354 22382 96844 86060 45505 11853 18698 6401 58272 44173 97540 40754 34897 15753 5195 46667 68565 64977 4142 99466 95102 94945 72250 61718 35794 26326 16188 75879 56716 73570 54562 36079 9850 73323 25237 90286 31127 99686 98312 43998 83737 23414 21504 79210 54345 35628 84043 72505 56770 78347 77107 86353 6459 1829 26699 24964 10690 7317 36090 81046 26334 22561 19722 11618 3896 64990 35390 91223 10735 5139 34412 95093 61775 89204 78719 80089 57349 46481 17794 10152 88181 64071 56077 38909 45127 662 96065 69404 51924 31321 99304 34446 99125 99059 49330 94225 95746 50711 83052 79646 36983 16931 85186 70829 26898 95682
491 143
31676 87866 73388 28373 95707 60115 5477 67096 1486 75844 34459 25964 80378 64742 63771 47294 93252 70550 56815 18116 4517 96995 6302 51818 14524 92337 87879 78393 69664 37416 58006 16952 6424 88013 32086 78855 37566 19418 26770 10727 24229 90181 90433 72405 68467 53803 97976 87049 73111 39783 382 98883 94944 52510 26600 93795 67739 67394 48942 43958 856 42573 24967 52489 53679 15783 559 27957 81518 58296 39084 19229 83900 79921 3636 54656 50942 40123 16954 90668 90686 99290 81519 49995 79984 56751 80842 73491 41230 39707 21572 1709 58650 9637 5115 72740 57420 30302 27687 43336 82888 81824 54268 76613 27063 78768 17937 24299 98169 86541 78180 31902 83831 27047 3680 93648 41499 25143 11543 23577 83664 97980 59491 57717 69472 48094 4821 46832 45963 14135 2582 77802 29572 28964 70688 67561 21433 6148 93314 5309 73403 69199 63155
495 142
86434 49998 36476 93172 57775 56210 97466 80211 36164 35432 27837 95410 87483 29447 75161 49761 46511 29099 10063 87780 59326 80762 77021 63293 45644 33189 5913 69400 65418 36601 13597 11388 77890 74367 53489 57870 41583 566 87880 48386 13791 8755 68386 77876 15299 76327 33179 43470 65766 9597 72960 58135 48305 36605 18527 93005 49251 56919 19350 20782 73791 96767 75790 62804 35176 30381 13151 30648 35711 12331 91032 80152 41357 40800 59083 76082 51887 87418 73820 1637 49371 13550 77787 40663 17448 810 23723 16382 75945 62534 24067 87975 70771 26375 10216 33639 10689 97642 79701 48277 43096 92951 89119 7549 71193 40304 51147 39657 30887 21301 930 19628 60852 74099 23160 91766 61209 42583 13083 81421 56434 47586 22917 51748 75414 16626 90225 84850 55744 32225 60271 41103 25101 87959 73827 36778 94241 79152 31629 77359 33890 1401
506 141
81068 26227 85433 79260 21553 18435 26387 18504 17361 678 11172 84202 75081 34502 96721 78629 58517 42923 42706 39985 29534 27577 41343 41338 31759 11912 3120 92505 12853 3832 96249 18314 77672 21923 75463 3323 46812 36034 34375 37111 72158 42970 20824 16734 1826 90552 88356 51047 95566 34416 15189 12898 5089 87825 87298 13629 99070 20614 81802 33384 43637 38446 35466 29508 19596 87803 81938 82078 44419 34133 49198 43969 11730 74949 59249 58146 8582 12778 28146 27116 73266 69714 58879 91751 86449 77256 61769 87057 88116 83113 72577 41570 17786 83139 73247 33174 99916 61522 22649 60598 97832 62012 17338 65775 32873 27297 11404 83235 79934 31875 84410 69758 53422 44185 18198 15291 80529 65484 52798 24039 667 62340 66554 62885 97855 5392 41951 33531 4436 38357 11794 12210 2194 54217 18345 86496 66627 86415 60227 9399 90985
522 140
7703 84440 76095 60585 56559 42645 93318 39891 90929 85038 69112 61274 60095 26462 90744 69369 68008 7631 79244 37857 20065 420 37143 57340 56625 88687 8022 83320 67781 51167 25205 80057 42114 13359 40231 29876 3799 1932 26019 11277 10234 38819 14199 56659 18631 7024 67320 27582 25344 7064 94869 75026 68826 50425 21168 76646 64588 51801 533 73792 72619 49710 39306 36107 65940 59380 47685 31057 14885 59537 78680 76997 60855 3040 99597 61675 23084 12759 4931 94485 82643 79791 72716 36133 8559 68254 54349 28654 3985 93812 45137 37563 20248 38075 95652 81332 17745 8016 91691 40799 14823 94492 89976 88888 75771 14846 6133 89576 97548 82844 77365 19750 63934 35504 13366 12188 95100 86337 27151 25710 98805 10609 91717 53304 43984 60876 7017 2358 66103 62322 77537 50213 18834 43919 17280 5342 12124 96494 93354 36276
536 139
46009 18638 83130 74619 17051 6674 87102 43221 90409 2892 40447 49896 76783 3102 8010 93297 58460 9720 10372 35698 32864 54209 3332 80466 27642 7728 2412 6659 3525 64587 70736 19840 50002 77417 46347 25533 1760 37846 37565 77977 81558 4078 63165 59947 40954 35736 1693 99975 55700 76710 28544 96226 30803 5500 85127 1356 11225 76198 68377 49967 15690 81746 67511 88200 67035 22826 50571 61489 16550 75849 31988 64969 42564 53068 18505 26845 40703 71725 85666 72209 71272 4470 92247 47759 91593 86033 95808 67194 41766 53823 63549 78447 69221 45701 97946 77285 17354 75702 95018 8580 82831 33977 35295 7760 12656 26922 67692 66031 56125 23742 71447 68814 16362 7088 16007 76404 41417 22932 87187 61789 20706 94478 1749 8439 6634 23437 8465 37110 28395 34253 76839 59971 30010 51707 1064 73850 47979 39562 70346
543 71
27483 42390 31796 53273 86194 96765 25787 61871 64333 41991 86666 88955 14231 44063 49790 38908 71044 7484 39501 11025 6504 73725 71366 97167 78849 20723 67358 67616 79101 62895 29010 38055 49937 22633 10780 85452 29869 15418 50603 19175 98912 76558 32046 26245 14341 18836 43535 89347 14828 36876 96285 91282 10591 96475 22171 31587 12827 55125 68320 92396 74965 39656 80056 81715 4261 18193 95076 55936 69160 92690 1263
565 26
47926 18298 59448 21867 99859 28502 11011 81791 73215 49006 96649 46138 23335 11480 9327 7647 55720 82707 17779 54181 44973 86886 15498 77673 34974 68289
566 136
67314 85408 47370 12157 55955 93222 31871 86104 79350 42859 4269 88139 74083 84881 33170 75113 46658 13058 93751 57091 89339 13036 10914 79072 55920 88308 83262 44570 32469 51309 87115 45995 52344 23102 30456 78842 71595 29173 79347 64462 65214 79723 43804 81209 14459 73131 68212 80431 10795 2562 78644 61947 67835 67466 38700 34835 60690 83077 68134 35619 77085 70821 21511 30784 85576 41275 26796 19485 53576 92224 32884 43912 14401 83153 49209 26692 79809 76704 7865 93532 84436 17664 12567 36530 43760 57183 61347 17162 12161 80915 28807 89359 61622 15174 99075 89054 86903 10859 17155 72086 45383 23438 81981 53615 7294 89461 38833 10252 26337 38845 55965 13588 98228 6814 82463 18260 6201 17678 86373 50364 25196 75134 4596 76846 48137 59085 36108 17797 94733 49086 5854 53685 97940 84832 74904 52544
569 135
53084 47553 46424 78220 41926 2996 4841 98824 14734 80323 99527 39669 31712 56682 14259 54872 94570 7036 6851 48750 15829 70001 98881 58028 46385 31941 30414 95517 57757 39292 8237 72104 67949 20575 92010 16211 87278 15677 70244 22494 84093 66091 26261 59945 45502 48216 83075 59804 16923 94123 61904 68658 229 41713 43112 41726 5830 9504 76678 64860 11004 92574 71141 6959 17710 5489 39483 88699 89416 82977 19971 34282 61411 25187 5535 35859 4973 25879 11013 58522 31087 65261 53046 62196 48924 30916 61188 50580 72663 99108 89501 22330 8448 26994 50985 25078 86179 39697 67179 32990 18608 4652 97633 47028 4636 20099 7507 67471 28459 93632 5691 99593 38809 9234 49600 27988 10830 46018 18973 20977 80059 60237 32532 3381 49980 63589 14873 10446 66280 52527 9947 31525 92021 70342 77274
575 134
40225 14207 75284 67711 20591 28490 46759 51534 73270 62342 25358 3981 40590 2471 58926 4845 78759 83449 47757 28321 16422 79944 2503 97806 92939 87397 78304 25047 21816 99801 85506 69868 72292 54029 54422 71918 63879 75468 70473 53771 70310 69558 33963 8099 7926 2119 67303 39936 9486 88666 57965 85649 83337 98543 35723 50567 55994 71601 97480 64161 57817 63232 61644 53653 52396 89948 56254 75100 48301 93435 50537 33264 62078 44777 63340 14757 95322 85126 11996 65054 20664 57410 18266 99756 69483 50199 13676 14381 89139 39315 29379 81777 65458 9323 68335 61018 33359 23140 15878 43879 43505 11203 92510 61426 91460 23552 1837 84688 33651 69776 68726 33535 17535 55790 10537 20420 14295 11453 90482 26940 65291 81107 37455 10154 4584 19610 30815 25864 98861 52933 29649 63395 48235 46607
589 133
88561 73050 24998 80723 27971 35334 26726 26432 49481 24202 54540 91453 44684 88748 97254 95370 29578 85610 37701 1713 69083 39478 51581 41329 18103 25797 24555 89727 23896 22259 76965 33557 28380 7514 23168 98320 55646 39026 34843 25650 15494 21280 19602 10155 33851 84340 68290 40989 95602 80544 46283 38491 20960 91183 25761 6892 51955 64925 87732 64602 51561 16872 99804 80585 64380 73655 31707 29561 11910 6292 26814 57674 23286 57611 14108 1338 86609 53690 88292 8825 89270 74794 8346 69134 86215 33453 69332 27504 39151 36834 90273 74384 74038 12187 64698 47544 63813 58812 20362 13529 8568 19501 80923 68456 46678 87414 70814 31254 34555 19512 50838 2178 38593 94334 58847 29856 66436 11558 63491 50217 4200 9004 71584 56431 62736 34344 88652 15795 22426 2697 97120 93577 52883
594 132
95675 24856 8910 1968 52301 1667 94007 68634 54035 94633 72829 58851 21682 17932 6181 61321 86360 65898 92275 67930 28198 96113 29339 90023 50310 35999 28216 1116 33848 23797 20404 20268 12199 61977 37433 95792 90045 37303 14783 13144 3123 99738 97028 56314 32342 12923 76545 45910 42607 27713 92244 8702 47132 12326 99093 97668 93098 34525 24110 22546 60819 30370 17564 87421 77762 55712 20269 92386 72893 52188 94022 79587 69038 33437 23921 22653 59595 22294 2793 98941 80022 67752 19944 61864 38400 25491 16578 11482 9032 96855 81293 40558 5438 80476 24262 76102 57863 35158 9011 99914 94069 76390 36465 34439 23560 19119 16882 98246 65179 43114 28204 21981 21409 5067 1475 63283 26764 19848 717 77741 11999 72299 13035 3133 93917 93177 66669 64700 15688 7662 32444 71357
597 131
86330 22373 6887 77254 66401 56977 17965 78840 68501 66970 50573 4330 3157 88906 62578 36811 13317 57907 16054 6145 88043 71375 60602 55601 16445 89312 59027 44512 39019 31233 67827 65410 55301 74941 44031 97261 54924 42754 10745 8655 56991 7262 76693 57031 47559 30679 22669 93418 65955 71762 42106 65711 9302 74882 73994 87211 84088 17725 44877 33326 3053 1375 79010 58035 41045 18248 91475 83104 54950 33275 86386 75314 45228 76266 55507 30332 26818 21751 11003 10676 2665 87062 91067 28523 7494 59951 32536 20086 42936 37152 46724 62861 38526 6447 95586 68237 6453 88279 64889 61103 21803 32552 16019 97070 88458 72844 94890 24208 61715 56729 13957 2210 34756 23914 19252 2174 54833 26946 4688 20891 19770 65580 29247 57063 28508 7162 92614 77019 64555 20158 14746
600 130
93375 98323 67832 60758 20198 5569 1859 86357 43172 19927 6730 98077 52736 23843 14297 11430 5688 3081 71153 40626 31590 69584 16622 12463 95458 6595 5385 3992 94275 77361 76474 45984 25005 8548 3500 94991 56592 55130 31381 23826 96224 88017 42288 33849 17744 94956 23293 97384 52580 14977 86818 79930 12297 2300 66142 52610 22139 10821 14349 80770 31255 21468 42341 37767 92199 21938 19956 17487 3497 3153 75575 73703 72014 47339 37866 19130 11126 9684 65172 20720 93303 79500 55451 55327 32766 30420 7156 86995 45797 28150 9424 8438 99890 68414 32298 88140 37101 29074 81743 69920 58609 58015 55284 20292 70785 4390 93226 58454 13406 42230 43 3258 66753 48550 43607 10708 76707 60090 55214 60035 28768 1084 69913 46104 25395 63141 58897 70142 66451 18150
602 129
69364 23967 15550 63011 33121 87189 56764 17387 85484 75429 14932 12166 46139 97434 77427 2233 94172 93832 84684 67152 61389 90624 23417 17583 53812 43991 35969 15858 88856 54700 12549 4872 88739 84258 59356 98352 56331 54410 51871 42378 1482 94920 75515 43645 20347 93225 59266 27816 6387 39709 21673 3788 73206 50611 43331 6074 45824 26052 71998 64194 30318 445 96138 87651 77416 21197 7842 77513 71518 23413 27285 37305 34878 51856 37805 95251 77360 13815 87183 79191 43859 68169 34288 20301 65747 43277 28556 86161 71367 50120 37733 18259 99150 93101 89008 73109 88371 27573 25010 754 19808 35234 18890 6077 48892 13262 94369 91696 88753 58980 42259 76400 22939 88273 3130 83568 58333 44376 27854 85096 59051 49738 48813 16390 79826 59706 56487 28297 48210
607 128
99878 78384 67897 45118 29804 87544 86520 67092 10177 96097 19821 53158 53155 5175 34334 32635 21461 50717 20243 94135 6307 52613 37956 94495 84775 60960 95961 51390 87695 71596 68736 17098 94000 71654 16088 26991 81837 40920 9024 2572 86085 34997 5464 2369 99554 82324 72354 12956 52994 40485 32530 69896 47661 31981 30837 30322 17022 64798 62233 35880 90133 82371 71031 66484 61771 30260 93955 90691 69222 25945 79034 20354 2060 63662 4638 82817 27604 95841 94814 72981 28629 77646 15420 11847 57564 61648 29806 4810 58442 40833 40490 37726 93159 70073 69196 40097 98512 89888 3295 99031 92195 64913 5516 60571 70987 49060 31809 17412 63906 57776 13421 64591 81158 23777 91332 8146 91356 24768 78692 19459 99284 66322 31266 38786 36471 35613 12847 764
626 127
75777 40220 34880 19269 11406 68611 60180 84951 83803 68996 64329 63137 58143 23171 11336 80261 78693 18556 57526 47540 90666 67923 13576 69324 63995 28421 28011 17921 5708 66820 46222 93102 54581 68897 22326 7928 32170 27509 20239 72946 68832 65851 35580 79178 67574 98014 35680 31852 94767 24317 79883 78080 11219 75495 85134 58087 21672 34010 86946 82555 58994 53076 95717 90041 75193 86428 49601 29395 13884 71204 59251 44553 8147 8847 48691 58502 54541 48782 17849 5728 63691 39666 18903 2072 24163 10398 7554 86710 79693 31196 11949 83391 63566 43757 39143 74409 11491 81659 47183 36208 19975 70418 62659 49425 52083 21732 10367 64699 42985 42773 86259 38155 15273 2599 97589 84974 61031 43553 94454 3321 59176 82771 46958 37027 39736 78928 31133
630 126
75160 95440 93697 80939 31980 58252 30944 85860 41272 81066 71393 33317 89267 35887 34183 6931 31099 14666 97198 19910 32914 9425 91312 79696 78007 65985 65724 37324 18508 14572 13914 67518 34429 53041 32089 95699 83349 77489 56406 53018 5331 69169 98511 34850 11165 82404 62415 67185 16967 719 8483 25064 19294 94315 81166 23661 1759 67090 39298 20211 78466 95205 75573 88223 66999 68915 1930 75696 54066 47960 272 47930 24756 15109 77824 84426 15195 10120 48069 29653 26247 92365 56879 52476 23728 6589 4263 65231 34601 46438 20043 15954 3504 95341 84620 91514 63200 23564 61909 81067 14632 89401 80364 41426 4034 97577 80154 56619 22862 50850 24019 88046 97616 82431 61257 47447 90424 67078 88837 84647 41682 27774 48054 659 49327 21657
646 111
67007 20711 641 74908 50589 66709 24792 45670 59708 82592 12890 98002 1407 28049 27609 80272 76264 32719 12628 97848 75417 34625 91218 76420 40463 66155 11317 61743 38364 36826 58365 92687 28954 17100 98695 35458 86409 33319 29372 44340 37628 31511 83452 81198 27919 57552 71288 42180 70039 37325 20877 28553 13724 78505 66047 49584 57846 51365 46000 92508 88614 32558 65437 38525 82024 28902 6574 36116 14722 24054 97071 15466 38264 48646 54753 68158 51010 24306 89003 24966 84753 36671 63609 57857 12299 74248 98209 2096 97532 80610 65095 95276 23373 80683 54641 49130 16323 59364 59750 78318 65688 32649 10211 8515 83064 18272 84156 97693 69873 36642 72951
650 124
75111 66225 81330 63682 40416 17269 4749 50021 36372 67805 2691 30188 687 86187 89341 65473 45237 97274 71454 18207 92437 28554 68811 11843 79012 32079 71054 29803 78934 59082 40375 11395 31795 55615 4545 56660 83756 80936 2776 68431 98928 62905 16221 78285 57543 52802 21236 37788 95942 1098 85962 30398 65204 42342 80913 7415 13594 68476 71609 84099 58555 31932 67361 56765 29288 67529 68178 18603 14908 95551 44231 87927 63749 13111 45196 37871 46874 23833 28835 8980 43207 23077 62946 52465 51731 40189 32372 21480 89575 49498 45171 24753 92613 70770 47811 27440 94883 90836 57227 27041 18352 23606 29546 84665 57959 49030 14089 30069 25669 74036 79879 90816 59599 14553 68499 50153 51417 38 32445 73717 87963 25414 23624 49905
653 123
67080 59202 14226 61756 36759 56714 4285 52121 377 26811 61618 53885 41362 30249 58949 58577 26497 97312 33458 25120 2168 42221 8634 49613 44774 40005 65292 99206 75699 44563 43829 36587 44642 15914 46191 74978 65604 89732 20937 7411 84909 31750 85850 32212 6031 68208 54851 75656 55038 54279 69162 3722 83942 42035 35823 72987 7151 66214 30640 89871 84643 92362 95142 47126 59591 17531 85804 68914 34722 36978 42894 42625 83450 57061 24795 33017 96732 75177 48735 5847 65346 80760 41880 13818 34717 74460 93883 82551 33314 53306 47235 33919 84960 18224 60640 25633 93592 49491 18744 14041 63607 47231 6025 572 68364 80981 55298 10789 86278 35770 68694 9948 69631 68375 50675 43640 64340 90735 59978 90897 27216 81853 32528
665 122
33269 42416 3662 89995 81833 34982 10158 90287 20428 14847 37208 86813 83818 67579 48198 50732 90907 67552 41840 87970 78831 36623 40798 2172 67573 98732 91980 62179 30870 70425 78771 20201 1531 53540 1752 11887 93379 78504 86785 41422 27840 74386 96691 84435 5866 84852 78836 59677 48725 36625 13840 76993 59853 14756 97115 86399 63936 56230 25213 84379 49082 10341 96213 64872 55551 78761 71429 69211 65650 44797 61543 23137 52985 50195 28763 12406 94695 21394 47667 11476 25916 12139 76424 41346 17147 71553 67734 14220 74463 46762 53106 47048 38273 23544 21175 94547 54067 35100 26775 76053 20246 93934 71109 69726 57068 9764 94582 19112 76857 60595 19549 12486 12336 32830 25197 12362 67175 54900 1997 90194 50579 63725
669 121
88252 84427 52540 14403 80613 50867 28521 5570 70123 67618 78154 87257 30029 89612 75247 56509 26849 52147 25957 60762 32895 39336 82586 70239 52274 36051 34076 79400 2754 94370 87723 80305 70937 30738 28801 14164 59254 54532 69201 73664 43548 34390 85468 24416 67143 6700 64038 50931 8034 97523 23743 49617 96321 48052 30723 87686 58658 52143 40751 60506 22329 60527 49253 31190 87325 83318 8891 7350 2720 98116 93850 64325 15100 61763 14334 20902 8216 98 99540 43140 78551 9760 56930 69213 97597 76626 96488 82439 44511 87690 77007 33095 68298 32359 67408 4689 94437 90659 35964 11129 85089 5452 61169 1239 39002 7844 64303 26887 10227 23964 57990 9487 5270 52213 50182 25119 98467 71702 33353 26150 56832
676 120
50246 11449 31631 67773 86437 30264 623 76131 9129 80751 39839 28232 94042 47594 24689 39396 13256 7616 53271 28463 73935 41188 93045 29539 70993 75662 56265 93939 54359 40425 66882 69626 44635 24225 16972 54539 94462 55218 38100 64882 67125 31034 41117 56443 12552 2 27028 95875 18513 6466 31293 78906 64188 23629 76506 73625 72546 52634 89780 74489 49668 85301 54385 77222 90692 4778 25526 2248 23649 39603 30066 5202 59696 11045 92284 69570 40357 50566 37595 87123 17033 11433 83089 56750 95781 10071 96992 89823 93454 84150 1228 63795 17007 38278 45871 38641 35072 83443 38476 52089 46734 54714 45475 94027 78041 32942 65575 21789 95220 59130 49667 21917 32473 38578 95117 8071 91345 51445 96715 77807
687 119
64489 35409 75409 68971 28149 14175 60920 58704 7671 62127 3920 10482 83736 71810 18702 8984 90599 66021 55329 82474 72000 19312 82826 98023 9845 12595 37141 45412 53400 18749 28908 18011 3933 59095 98554 94788 52997 26711 23740 29672 29225 47275 76719 56973 20940 90939 84617 62808 59037 65120 96268 10402 90092 77055 92196 63449 44142 70370 57833 18850 79715 32428 20520 26085 16858 11994 5481 1642 45805 41906 98635 91326 68952 55426 43245 62907 34972 84979 44520 93695 32603 93922 8363 95173 74875 5395 29032 79434 57241 19807 79480 61941 78727 27372 67228 59955 24253 77937 25368 86751 4632 64218 42211 19317 1325 89087 92765 89102 54610 85385 73959 34314 90643 87704 75440 57881 90574 90301 78344
690 118
71265 2438 87404 65442 47195 6753 2670 94216 89117 70879 37514 302 80315 68236 28793 96414 76712 10011 98147 59098 53314 33978 77287 45704 28557 8929 58962 34466 21669 36087 70726 99777 66228 78411 45819 1056 58142 91447 73649 72411 54787 49752 33701 29349 4325 76119 56100 77262 76208 21694 91210 24940 12262 8801 85593 99451 82501 81526 75526 29886 23029 90853 69043 57462 47145 61224 56867 44426 28045 17865 42683 24576 10661 67058 44217 42926 24563 19940 491 79361 54250 20969 11680 89247 93491 50834 42819 42217 29621 24456 77481 93426 68927 68114 65761 57699 8313 80329 15959 3703 39505 32934 56348 11598 2618 81801 73872 57595 44109 18915 25861 10982 60715 50073 12293 73179 78236 46580
693 117
60467 30684 94340 41089 53365 12319 48289 30795 67337 52832 43615 91042 56918 65521 60175 30820 5360 11211 34691 23668 66512 33369 82467 70560 52773 98906 14043 85915 75524 53292 87503 62239 60327 71761 61447 5787 1205 96462 58080 15965 58046 11274 67235 66064 37676 9009 99576 68154 49212 20757 89362 38194 9606 74536 27815 72048 13155 2796 23252 85163 50796 49179 47203 76111 20687 70382 42924 4160 41444 77227 63838 85916 30026 6518 45681 96339 84453 48721 8933 86304 59543 2650 50769 26980 75338 21390 21018 36720 97042 55158 19985 1246 93094 43868 14183 45726 78558 51919 21524 94630 76591 72883 67797 94293 66184 37323 2895 41732 2619 95614 77930 73751 52931 91232 84807 63010 41211
708 116
53080 20834 46228 35143 23169 86727 75331 74733 53021 8590 3167 21344 77903 61598 81550 20726 7921 1321 80290 59413 37806 34993 5537 98279 90329 80408 77394 72727 38151 41475 93651 35452 30209 96584 48532 85963 35260 32779 26694 92231 25973 19974 987 4599 1979 26119 24906 13208 94505 50948 65216 54976 39532 30036 25086 85647 68789 65804 32110 24822 93740 46391 10092 1409 88240 70769 67221 61449 48029 24597 90274 85871 48454 25495 12030 542 35941 98567 91852 59909 93570 58695 75605 69323 45705 52755 932 43001 39348 32306 97089 56872 18868 76862 71899 79582 39093 83688 28800 26206 98036 96939 9448 4162 8250 94778 90569 81714 97905 81151 44128 26345 50586 46567 57347 24586
709 115
27030 97625 19849 4988 10325 88170 56549 58402 31415 47752 56003 28900 89828 97878 495 98293 32733 60454 51618 12531 48803 56741 26673 71128 93290 83998 31007 93791 55907 93988 34198 93146 55889 5950 19981 59857 45387 18379 98750 59359 94477 63641 86494 12477 31746 36166 45203 61425 58721 76758 47849 47142 76168 69012 60921 67355 55440 65074 17247 64866 78253 30670 12693 56795 96047 51752 9616 74916 6750 83569 3943 98556 13964 13376 42895 73611 66457 24331 12194 6741 77275 60125 56861 3576 93373 47332 17264 49097 34970 11634 82000 34770 77236 7213 76595 71612 7330 24381 64918 42507 68558 6209 41668 43362 57612 42866 71571 57032 11549 70475 9074 504 29263 73945 86587
715 114
98414 64564 49200 42480 8722 9473 94081 60619 32407 62384 44997 29457 71906 67548 39314 34670 76954 72864 11675 40793 27475 94284 52681 47138 35663 31346 29888 49202 83966 39262 20242 71671 60282 18286 42084 37727 30168 19416 66295 41471 2074 34225 2257 96253 56732 51726 37959 13076 71995 39767 3316 57178 48923 41291 18706 73145 33960 94948 90971 87852 28169 2216 46895 73924 50998 69429 51873 29677 55637 43722 4790 84482 77412 16810 75602 54117 34573 86244 83783 76393 26492 75692 55964 74090 54005 50280 31142 7203 88087 83312 89186 25935 86083 95767 61154 60394 16874 54173 1166 51771 47570 21858 28887 6618 37630 37868 99495 81595 61462 39357 33222 4895 67928 89208
717 113
71817 38973 27711 27332 13360 77047 1075 45425 63435 42641 78188 26104 81651 75021 63154 54691 51565 47915 79214 42338 11181 58159 53145 98568 72348 58693 27553 73642 40089 18956 84316 70119 92215 32030 83646 61874 11327 97743 35393 26358 71294 4569 96547 65416 71889 44858 6322 99871 21246 15383 11687 61572 43891 25080 17037 97207 34751 85881 78803 34005 41505 87863 73267 34824 12571 99941 16957 92979 79549 32544 32452 73558 68786 82896 28874 60169 30599 61795 5797 1950 94335 86352 59777 22740 18985 78493 20424 97080 28025 27141 19675 79471 77248 53396 49608 43344 10260 68724 32026 28394 38918 92866 96111 89376 14000 1390 11350 1680 84506 82200 55951 39402 15405
736 112
67023 76443 54886 40551 95113 51181 67029 73519 14212 20704 66539 25772 10086 22601 90499 74085 69828 52664 99995 49604 96527 93620 57663 91762 59907 49866 34106 695 36923 33431 89860 45206 77253 21452 57224 13678 73384 17420 7979 1533 87405 46443 27046 22608 72655 19098 16769 73961 48331 24408 46343 3194 69078 64690 90148 69691 25742 76132 93173 51160 46354 83321 22700 75191 40717 56941 50349 47441 58147 84597 18432 14780 76805 59118 49201 41826 59514 87237 82300 20936 19904 21223 91018 79114 22284 86518 52032 29993 98083 84489 66473 66130 2029 67324 20469 72688 53573 59340 53980 96629 93851 12383 91528 74574 38575 9222 98202 50990 24255 10891 67510 44862
772 111
81419 43342 65576 53518 48768 5549 44903 32781 84615 64805 44773 3678 54358 59713 54568 4368 1878 70464 11911 42653 88961 71277 25646 81013 99797 92406 77074 98879 39128 78256 87449 55823 64368 51311 26012 55817 83802 62158 40100 13518 82227 37833 6915 32571 59874 27463 43184 93551 91370 47703 37068 14881 31290 30695 75136 94590 50443 86286 23184 61892 83057 59884 28220 40802 31407 19847 11399 42473 34733 29419 4356 32661 29427 43353 2982 69564 7416 60849 68850 56981 80870 17823 74659 2126 9423 98477 16202 65954 41885 90192 70611 75351 31128 27886 87575 83267 68689 39733 77383 15903 7550 87953 86466 62075 9556 16435 81042 63874 77990 66164 1117
773 110
62206 57638 6846 26086 28488 63197 20171 15295 82887 35765 60193 82429 87599 81411 29720 26584 86721 24307 79073 34887 19202 96643 62334 59532 36387 8255 28625 22534 58308 39017 58275 19223 79964 50449 34359 15266 94651 26503 17383 86443 82974 76385 38615 19693 44965 13756 74653 54972 7896 95484 74734 59115 66721 44241 25357 39388 31437 1206 34189 90260 66114 48186 19977 82775 1652 52585 88574 79867 35847 22686 13853 1527 31060 24186 82527 70752 58162 29663 72498 97486 15161 1742 47835 91262 49210 85250 88585 70924 35631 75603 69240 50799 13931 20030 52779 88984 84767 29841 98130 42768 76483 46322 5203 23805 7968 13108 92954 69611 21355 19182
779 109
73120 6157 89505 32674 8456 48319 70714 9484 413 46909 93597 10654 20903 59349 63621 50634 36572 64087 21132 72337 61173 24847 34148 85812 23957 98502 79758 77140 25396 92618 82541 76316 20530 47396 88643 76219 30584 71147 42872 51347 88474 95195 74827 60716 91929 85699 75373 61767 82121 6683 91450 19604 83880 79181 39263 20536 17773 67910 55150 24445 80373 70169 51758 85923 2047 1535 24889 16804 89007 9266 14890 87949 98302 270 85844 21901 86218 60910 23688 19307 79566 11261 69610 97121 50637 69826 67657 44186 33789 23025 6081 85314 58026 83285 38507 83709 23873 22093 56701 33695 17000 14998 86998 48394 83351 6147 86880 60680 44158
793 108
26101 87891 75817 4068 48395 55538 5611 9603 49379 40000 13740 12709 37528 32486 29585 31643 436 89952 94707 93947 50510 30018 54445 35588 37856 33338 58898 49273 73022 21170 13014 35713 92608 29512 51081 98026 66313 78725 31765 79750 69367 80877 3949 9017 66504 98193 57816 88394 92581 48651 56706 67197 85254 47302 53209 6461 69851 46738 2311 44361 41236 72393 62802 58513 41350 83535 18530 14143 4474 44892 91243 41005 46421 33641 58791 3455 72833 55583 49069 30833 86143 31963 74128 67220 43031 1323 56473 30411 16765 2766 81162 16986 33312 91222 78912 7929 6278 92218 10878 54693 22752 10074 98722 13465 10362 30035 93544 90843
795 107
71501 74924 65336 58891 57108 61691 11966 84819 17562 63482 28182 80062 79994 88735 76749 95890 88302 39358 50215 67316 64091 86166 41672 79276 12781 8276 63119 59691 71213 42465 10111 72574 70659 58439 21837 88090 49096 31217 81533 79231 95367 32423 42937 29049 66726 10839 61740 27064 8841 94193 48561 20372 83738 81177 68202 63164 97065 71194 77682 49762 2787 58803 48146 97354 75056 44270 37088 65033 23504 59674 53951 283 26201 40279 74041 46409 22502 61778 97678 68579 33996 14436 10573 64342 99518 46629 62444 61202 65329 10677 72723 91086 90660 18734 2100 92727 65160 28031 15221 89158 80773 42324 74826 42750 33985 20742 8423
798 106
99636 95408 65036 19019 91123 76287 34933 98943 22455 59333 42988 6076 57900 9467 8629 40336 48634 19398 2477 55794 94967 88873 79226 74457 12095 94336 12705 41873 59064 19654 88801 58109 31595 10764 39323 67722 14761 47789 89395 85800 96131 81528 45683 21229 99529 28020 47590 29189 76376 88712 38611 97026 84118 87787 61109 92008 78827 35537 24014 38599 9483 92894 69192 3312 57844 43952 37524 45845 60370 93392 43219 89090 63885 57402 5724 96829 341 30830 80551 23173 21701 68145 28505 1599 16096 36835 26786 78878 65479 83628 42940 97122 10218 85559 7035 42295 82170 79464 82597 71457 58373 20466 10044 37412 34159 40857
805 48
24266 55812 18717 97764 61319 56788 75594 14889 98339 94614 2539 22175 75610 31469 57474 8638 92111 53185 95124 19381 6257 50354 51909 92917 75580 10663 3464 77746 59694 7012 15918 78495 3255 41458 43044 46110 82867 68978 54190 5198 64854 26594 23450 5154 1520 76057 10100 77082
808 104
98272 58772 88843 75075 37784 2788 38866 34708 12599 87323 67500 43803 38380 23907 9443 99417 20564 69371 69082 50376 98849 77845 49561 96481 38830 61785 46357 39321 10383 99447 11841 81179 66995 8037 55216 17073 14255 79687 60236 55415 54376 96621 15941 62882 56447 47845 14622 87007 74018 94531 51163 50930 25980 23551 89714 89206 84169 42656 4581 3329 87591 57924 1201 94224 68865 62519 60004 21392 15604 69442 7660 63014 38808 33355 73522 49528 7508 41000 196 69990 51698 47118 46704 34049 7773 69398 16988 95533 79960 51220 18885 30307 44970 24228 12276 84984 64604 47119 44655 89492 88737 76760 67171 502
813 103
99787 90772 20730 66825 94101 80667 67649 67397 29096 61705 16572 82704 49173 47330 2291 96444 98942 54974 63628 16584 46320 18926 85959 13057 86024 81870 43393 46869 5068 84792 74471 56120 21718 19424 57452 15404 66050 59845 37140 5047 73805 6299 86654 48545 46049 30132 73661 58941 31296 252 46011 87078 21079 5533 98504 13865 79371 97342 70262 32438 9740 43175 42726 41990 21189 11942 98987 49410 35282 33104 93859 55194 12195 33261 86347 21135 84713 69079 99065 19939 14038 7286 83296 57932 62499 41403 36255 64688 26412 81668 39148 26833 88315 41915 33893 80168 25837 9699 4381 78036 76236 72499 83381
844 102
45465 37777 37665 27024 50194 15999 63690 61067 8081 25162 17526 93453 96752 70758 27748 63659 85507 65445 28699 98434 70767 60122 15731 76625 19536 35717 23686 89629 61424 73338 72595 32233 94665 55489 1676 73367 16741 15096 85619 44198 51983 13586 35921 75296 39713 86412 76755 83958 77561 38718 58990 19664 54997 17064 87328 56801 47985 76201 33648 26592 36669 91185 82975 83439 45905 28991 66850 75304 4566 95317 92848 52175 38190 87982 38490 99768 3758 88229 55984 14305 2997 34973 94087 84071 11859 88725 58302 50329 7039 63454 38449 70618 29507 67374 55133 92758 50988 50854 12614 96869 29078 68077
848 101
39404 98519 28051 4238 64703 91492 30243 92344 94230 34801 27248 27029 49469 76481 66475 54809 53556 25399 15079 78597 44338 42249 87462 11036 88480 10019 79300 46939 32279 60331 12323 8600 3804 53377 3927 42287 54895 72670 51185 17716 58559 92958 96511 69747 84140 44481 3864 91665 47554 26913 82271 36406 3198 53491 86156 12407 29082 12342 89585 41438 99501 41181 90466 78331 76176 61244 47387 3454 76467 58478 33268 26296 61617 8532 53521 15816 94341 68973 64421 75492 73420 70024 59561 42302 8925 95081 32646 60457 12419 847 12130 6940 54251 29978 21848 15518 98549 85528 13672 84859 34413
854 100
15774 12840 59957 24138 91537 82885 54347 51815 41674 90326 27043 26978 98778 51465 19100 80789 62180 31114 26942 63441 96949 50274 40475 10766 94542 61410 41967 31177 24787 12532 51139 13405 45463 15871 95708 94853 31343 2637 95698 31213 185 12213 61567 96816 90222 89653 80314 15600 75116 8241 79090 72286 67009 31996 13780 26593 5553 726 94138 70633 19727 96179 93157 20141 97243 87835 75552 66036 93214 82798 85526 90697 60287 45782 32721 9044 75991 90741 59451 38923 12706 4278 1670 8819 93046 89801 29530 67149 47697 60345 43766 10263 4143 64494 59318 19274 88946 96274 57464 54054
894 99
99178 45724 27330 67476 9679 162 60942 39493 47004 35618 31553 7740 84323 17374 62221 6921 55343 47067 17087 89808 23139 62520 12371 75766 75163 32593 78514 34522 63102 33619 6149 53595 96019 51052 48206 11667 85917 51613 39462 13519 14322 43376 53866 82868 22668 46866 70523 10546 81090 58108 27074 70268 55620 37115 10563 96999 91462 92226 6568 98486 30186 66884 81428 5300 3451 81852 73663 8856 41630 32856 80793 50677 22431 73608 49555 21042 20516 19192 47734 8200 15082 49483 25815 46258 11804 80889 53032 47280 5638 3334 95385 53831 48627 13795 10278 75931 31630 54955 94474
902 98
46664 76347 4017 65567 89559 79106 66207 30327 26061 777 30227 95014 57856 77157 2649 82908 71653 27287 79644 50670 22514 44321 99455 87345 55727 52286 22645 63972 10590 99091 26599 18650 91236 51395 26638 74426 39848 95285 68545 83546 48037 93819 92058 74981 31353 59240 74943 76939 60134 25351 23093 4122 42932 16634 23338 67302 63824 38785 7369 31505 7207 97557 71350 56449 19432 2441 97454 56333 54766 9718 85824 33306 31944 92248 4871 51302 81534 70874 13942 10500 92969 36015 91749 58114 39195 74563 74543 14278 88169 83864 22179 19140 40255 41295 7139 64833 61326 54661
933 97
15611 98420 97701 44949 98281 34648 92206 16635 41810 5487 36889 78548 43863 30055 86809 78177 58133 69760 68963 64106 84526 74897 37164 45635 44825 24690 49826 35232 16535 1969 89451 88695 25680 25751 16591 79080 56016 36627 44147 96260 77366 89440 87422 30867 21350 17404 91140 51416 80170 61593 5972 54531 31650 95916 82245 9227 80008 66581 65199 3626 29729 58978 18531 50247 44776 21412 51917 4148 96248 85413 46392 8349 90185 19965 12995 46561 43459 31426 94490 70134 62003 32659 79065 47240 37009 12904 4437 82377 60954 40650 18035 11514 17923 62704 23442 716 10773
936 10
30600 91792 31663 61472 35974 73598 43530 89443 30618 16142
944 95
37804 24606 80713 11270 42793 84357 67242 52916 8480 84465 69427 40135 480 25906 50821 29323 76938 57287 22778 71491 90320 73026 79403 8899 92070 66046 60148 90034 46022 98810 71643 67112 74332 35640 88517 77589 18439 3136 93154 79256 85934 48628 37313 19203 6462 81589 76484 50682 18781 31450 24778 71692 21192 94124 15749 52932 33788 58496 20541 116 65317 58052 10241 87324 14294 84469 63946 99851 16670 19077 24707 73070 1768 63633 39180 79926 64762 13590 1744 95722 92266 2902 95780 20412 18014 61886 53416 63674 10942 67071 45750 29045 11696 7880 90411
952 94
99864 45257 31021 20324 65232 16087 92713 85057 40724 4021 51486 24656 77542 2426 93085 77252 57751 95583 75847 85197 52577 49870 79847 11990 23548 74158 57635 72024 29513 17244 89078 76306 65031 44641 46856 45731 84598 35586 84608 61200 39418 31347 3370 31870 42504 62294 96215 89017 25058 94055 20130 57978 42667 37697 90400 8083 65081 45009 91798 80570 28500 96862 78509 75311 24744 91371 81648 63693 22290 90665 88410 8813 91763 77128 66586 66566 61829 32704 90656 50143 11160 6613 90556 17720 76307 67051 48886 79524 56843 13321 16189 96237 38772 32261
959 93
65599 95920 47976 43218 23063 25066 10002 48168 31818 21537 93466 63342 41621 78032 6378 80571 75976 15785 11772 17495 77958 73826 97989 47291 42589 65773 19138 75623 57027 30288 83841 44395 34123 93118 89634 75834 53698 26477 98563 78378 6448 1053 42299 60981 98173 62951 41957 7692 58894 48742 23633 83 94619 22322 37937 90592 82724 36441 32312 63318 47502 20049 82445 72967 45311 45130 6285 28961 93820 72394 90360 86699 44717 95665 70715 53507 48618 15047 75772 70716 22995 17433 15215 96988 71874 3245 82250 74314 18270 1838 52520 39851 98737
969 92
22707 6670 5239 68039 70490 11148 22816 15796 53628 59156 81570 26907 14880 13483 27725 19746 79968 32130 62333 6962 41807 41404 29328 48320 6845 80076 66952 22436 21402 15710 67799 56950 24415 2135 75341 62164 15434 43391 20502 5338 38054 25252 6950 3849 93133 77385 41740 31858 39838 38258 19855 28061 22038 45320 42527 69127 18910 53944 64202 49536 74611 57302 41909 41360 97316 37963 826 91558 82782 62783 61434 56904 76616 30558 62232 26107 96203 87636 2721 96738 62190 14648 73967 72487 52019 21714 77820 64159 62247 14216 66679 34782
970 91
48963 24625 92459 68593 85151 84726 87738 32283 11897 65853 82447 74129 12367 59327 64132 1972 99585 48625 43696 27413 20663 15032 11532 97346 49341 91957 60263 7659 82023 59541 34772 27589 21443 90358 3892 38457 90486 18293 12409 13766 68444 49257 42536 64628 57789 21645 35815 12947 11555 61513 67203 16596 82234 27976 11723 71709 75910 28082 16491 31503 98086 90591 94734 96044 93171 1770 91881 33566 58790 36590 31031 71205 61917 39809 82446 23308 58992 30269 10462 97791 43904 42743 35169 21363 44 79742 71917 63036 29687 70528 13464
971 90
55807 45258 49334 75951 60544 64923 72836 43439 35026 3162 95840 81401 18305 88176 81909 80499 61024 4283 73288 231 78668 69140 62894 13394 19047 82332 15570 97542 89482 58890 98746 48455 30251 6037 25641 18584 46862 45957 24660 20451 32274 26737 10556 42721 32815 49402 31061 76819 54430 16284 88941 1442 80333 4522 93674 42668 4535 70072 97023 80695 16824 8048 51901 29924 88639 38262 6075 16565 34864 16934 106 84805 16415 1589 52947 31275 59204 43073 90946 24271 8466 58625 36359 53044 12398 93821 76258 50008 19958 16395
972 89
77091 64661 8296 70278 60255 37503 17177 9712 9545 82336 67656 8272 874 30135 9157 64859 45423 28256 26952 20671 89547 82319 72161 27410 63754 17694 74329 34605 85765 84636 83537 38210 15618 5868 89348 26301 2760 93825 48894 35686 29799 24558 81310 62306 57404 38646 36875 61940 6338 70503 55922 29563 97809 98838 36378 26881 57653 82086 74850 65574 64601 89352 56665 78969 32870 95128 9714 98230 81265 57681 57529 32302 24636 22440 3698 36553 64714 90944 14787 83929 32429 35053 19173 72034 71592 13500 85691 59140 60768
21 87
63175 33763 27488 88989 63215 1710 23791 70596 92674 74854 59896 11193 93343 90824 71370 92999 11337 90943 43956 96417 87838 1169 80252 77218 66387 52028 34129 39702 92168 83485 49258 9592 2742 5006 55831 76677 50460 92742 81896 17053 99692 77397 22307 49916 80326 66644 39325 36135 40890 97738 52359 76606 29104 82344 24365 22343 47558 4219 68562 23317 62828 8107 23655 23396 30644 80597 62922 30487 27585 6117 34089 63615 73730 30855 63938 44596 3337 8747 62839 2051 67299 61863 59246 42165 37688 29198 10624
32 85
84623 30094 46499 28638 85411 55932 74624 35495 52102 86473 45394 40315 15943 58363 92837 95726 45812 12820 86275 26396 86271 39543 94847 87268 73981 98532 58181 17047 4046 77228 51795 1485 58462 29124 15095 27826 72183 4383 54186 24996 82110 70910 45291 11614 45276 51941 54297 66250 87868 19600 49772 3613 83426 12063 17741 72452 92549 92984 49115 17676 99014 70861 65141 91206 61108 83645 4125 38853 82664 51669 24130 15813 88542 5119 34240 13769 97894 67801 62099 28157 13236 97200 80139 8249 11771
39 83
48119 43225 22993 2400 14619 15766 25844 9761 87971 18099 4231 62803 31936 35216 72787 42085 30952 8604 41598 2625 93337 60731 2734 4792 94227 69209 55175 80424 98034 35249 33976 77965 65069 57105 22507 93131 66432 55513 45060 23075 65185 71085 26730 2420 86230 50290 90982 12303 49058 24428 67557 52642 65105 73756 29493 4144 95789 77608 14058 87015 32594 68995 81586 7795 41797 32054 79462 27250 75554 20785 6788 65267 1971 13504 89846 39220 23648 21950 20230 75211 6926 81146 79913
45 81
50023 72008 99744 93946 64657 23132 93267 72111 65503 57264 85407 12925 50307 95292 89657 7781 50553 61646 36227 14608 11161 48061 27406 73908 83524 74940 61595 68351 71956 39159 38820 72849 7751 71055 59022 2487 99080 17325 87448 31657 10557 88777 50958 27828 30350 24583 14863 65277 63192 64485 52312 26172 16341 59054 35085 20984 78420 71048 56578 51490 76212 59662 40126 21580 10007 36275 32460 87916 71411 40374 16567 69885 61586 32792 16939 57631 90169 52654 96979 89853 87309
60 79
33471 99184 91102 68750 52013 89538 51923 27494 22947 96879 96744 25881 87305 77101 39092 31424 31080 1524 74984 71505 77627 22247 3456 43735 6273 90059 25417 6045 71591 72556 71168 96914 96156 76250 40888 16352 8283 90423 70220 25715 99838 74231 29991 14053 7997 5158 44072 31632 1537 49432 33691 39921 22458 9639 77465 18001 32724 27205 98847 45050 96051 30919 68376 53142 52454 50266 98607 56445 79172 70819 43377 15154 98264 58081 53114 14609 53369 54765 35290
62 77
45863 19692 47432 38282 16760 11460 44350 26927 60801 63697 69277 45774 1353 21133 45748 5739 4469 81458 97717 42949 36608 17225 7520 63146 1528 59667 26186 74899 60085 97756 77094 10142 38945 26884 20511 79295 9174 54287 49496 97776 38606 1893 94333 5171 17592 49712 40395 27305 74946 20033 81470 25295 10339 21675 833 6611 37260 37755 66992 58396 23827 9304 7882 79560 55165 35728 28714 7487 79155 9972 31524 63329 81522 14370 93879 76027 86996
64 75
49970 34983 22981 6197 82611 37294 29594 3807 89945 69157 6498 60949 44993 43755 54106 32644 71509 71433 51518 44055 26542 532 39658 16227 17419 89686 21782 17721 47623 8234 88190 68591 64423 38964 54010 2672 669 66696 15976 13489 51196 36233 2643 20796 90709 67236 37366 88840 50736 40604 3622 89891 62701 60372 93599 86149 44927 18528 46378 18990 67339 66017 46118 29511 24842 78707 63286 12208 93779 43481 85123 98062 80336 55466 80803
83 73
74501 89298 26329 25792 54792 67278 92882 88351 96627 39382 33246 805 84034 67581 99314 67453 64732 62223 62636 88382 16537 37911 60087 75344 24560 32053 86787 10156 59253 84871 68093 7446 71796 12745 75321 9076 36474 36343 95619 98060 28970 96975 5080 68474 47166 24774 7532 86344 46938 12064 80500 26697 24454 84613 33632 41771 16782 7253 35564 86547 97142 43677 25702 61238 47905 33505 16985 5771 80980 50035 60053 57291 74112
91 71
63072 25733 88951 44599 70036 55898 52783 71546 50881 95163 66772 95401 18415 95 32230 88072 20648 8689 61143 45815 33821 6496 89025 62303 8208 4389 43332 69011 26941 50768 97441 71470 2514 94556 33185 38111 25709 14267 12869 41784 44617 91174 90436 32607 52345 25819 21155 49624 79444 77304 26464 68209 14773 76340 57554 44049 41359 18203 35181 1912 68834 29002 48361 67437 88329 89251 5878 53023 82472 24572 20651
105 69
90938 66755 37992 49579 26550 75843 15802 94051 57980 72043 54353 93542 3072 28912 92671 46500 94754 25925 90166 54334 24643 71476 92307 2614 78817 24741 95656 78801 57190 70122 65079 9522 76289 61448 56069 1320 1294 88510 65939 53897 95577 89441 90640 82753 39285 34931 53807 72990 43485 24437 83967 85387 91143 92628 50780 91586 12710 59390 71274 33692 33679 9610 3853 88688 25584 9354 69596 44924 17163
117 67
69420 39164 23999 68568 15575 811 78983 70289 87297 2228 42580 57429 54018 16381 55888 36400 33190 4105 76611 69571 25419 84121 56841 52219 51823 81560 60353 3219 81763 66654 60279 20499 4529 1280 80914 64389 60613 1622 85919 76154 89324 29064 92002 88034 37902 47444 21337 58066 55643 39508 68947 33891 59897 31777 13286 91719 56058 1658 55708 99904 63703 95406 83975 21496 16879 95297 86079
118 65
4905 72217 57696 98198 58493 43177 3567 71621 11123 40579 85864 51256 33243 45482 68384 59968 99922 51824 36215 43837 38157 55131 27404 99562 51106 46243 95813 42831 24492 86838 49300 51953 39840 39173 37709 12357 73878 44644 90673 59273 85033 73359 4403 88867 18931 14419 27519 84602 60123 89464 57046 15769 58246 75121 8322 94307 61483 29274 45067 32348 18255 6616 58690 78763 99433
121 63
26703 16102 16256 11463 90515 33656 14726 93617 17819 48 14358 39728 52758 38811 36506 77943 77884 17607 10498 89711 9785 4052 95261 47278 8277 88142 44195 15010 41602 18000 81901 15004 13098 70854 31987 62388 70481 70293 83207 80356 45754 64413 38105 84512 42027 31769 63031 28165 59709 81575 30563 13562 94457 94209 95944 68349 17647 53593 89553 22388 68822 66377 46702
128 61
13786 69067 54041 51418 96197 25312 71706 2855 41202 81039 88495 47415 42111 18246 85790 61468 62573 51995 49513 27411 19716 61561 70609 73708 98309 86717 70506 50326 76944 43142 50324 97088 62458 24844 14497 20216 25924 30752 76017 24729 93604 41624 7944 10027 81366 23779 15480 73974 31268 2296 90905 7188 84996 25136 12634 99095 3671 8415 89486 68870 89019
135 59
82685 60482 59567 22991 64429 32732 86549 74482 9422 37909 36331 11537 41445 30632 26529 3661 6527 41224 99666 76713 18649 838 4288 28375 22854 45445 54658 28095 71936 96459 93359 12629 96299 82100 27397 49954 33002 13410 98357 90519 48943 3186 96720 91773 89231 39236 18996 85240 61816 8527 82662 2094 1370 34851 21186 67372 97187 47649 19277
142 57
28779 86319 54188 45814 28101 87997 73971 34230 46097 83453 70846 63743 35136 67499 46115 37244 31667 26564 72065 21500 25899 83515 61671 59405 19651 47639 42939 18626 13691 95161 21910 44572 246 60068 54065 40975 70032 67854 44227 63929 21735 95371 2959 97664 52560 51023 99323 84504 70665 8620 4667 1281 80651 15072 72248 26718 75874
148 55
53614 38323 37681 34556 23857 85029 66752 56469 27888 84813 54310 51049 49386 29987 64096 61710 45936 7498 25336 85305 94458 71477 30941 90796 83257 31879 12544 54937 25001 23261 22141 68383 46213 39064 13164 1935 34545 89518 87213 62543 49545 36213 72012 34561 31397 83168 97298 84015 16065 13667 493 56947 40537 49177 26487
150 53
27753 52764 99410 75108 93518 81803 57593 84163 60088 66235 43085 17908 87807 87529 85724 61376 83462 54292 29016 11320 65396 65090 32647 26290 21844 13690 57507 39952 93305 31235 49759 48658 87664 68535 51387 42419 25845 78818 28846 5695 52151 46788 6064 392 72810 61069 28818 96142 29182 92137 76000 66874 58417
155 51
32626 82900 41120 97487 41612 34791 26143 17584 97871 61664 84434 99690 45886 93062 18342 92333 81514 61531 52199 94735 93698 9769 95183 80153 77145 93143 30495 59239 27835 48350 1020 56782 64076 85553 5859 72047 46525 46718 13539 79881 40591 89959 94672 52414 23274 95239 35776 18317 49891 96558 33014
160 49
98295 63550 29632 18155 32866 30151 58792 49199 44812 36602 15481 92781 36798 75419 17641 57805 68371 3379 89820 87443 79198 9285 22846 95569 74755 15362 42869 42843 20217 49472 19885 55610 92492 71220 33147 29884 49380 39188 38795 12144 90730 11620 25897 2747 22324 69678 45589 5979 76117
174 47
69942 61754 54484 71931 31144 78343 50003 78388 79709 22900 74901 96891 54871 63715 5017 74093 98628 26049 74504 41047 35876 85169 88877 11255 82723 84004 63832 88180 66049 33825 1631 96391 29403 33456 6295 47921 47000 28193 73318 61394 17480 13571 36303 5440 64028 32128 30324
179 45
37011 73780 55259 17852 91793 67586 34027 61072 96667 34951 94963 84315 13501 8784 56806 45449 27304 46085 37591 4060 53605 23567 61000 47227 92425 92475 84381 67122 61344 67916 53550 64140 95204 65386 29304 83063 33941 50256 33097 76113 81627 49178 46654 45591 28336
197 43
32316 12999 64216 96375 56747 95428 78936 69783 35090 29698 40796 15901 61172 70086 35122 35940 33152 7714 6863 41064 16806 96768 83238 7328 4961 64102 53001 13670 65227 57810 13196 9316 57577 46482 7980 80710 64934 31783 5094 66933 38644 85287 60379
200 41
92860 44905 38000 1787 10732 3068 36468 79046 42640 18040 71372 58727 82538 11365 87381 69149 26388 45152 6416 56194 38478 60807 75519 28950 2167 1173 45578 82207 79341 58382 76037 91627 22785 53336 2000 99857 76903 72399 58905 82420 93138
212 39
73571 80219 38244 26242 84314 8743 66782 24193 77056 28550 48792 66122 71781 27671 27086 75569 55026 10534 48534 31596 22843 19933 30734 26899 58349 69095 11773 26314 87425 56130 4963 63617 34644 37766 30353 50 12391 59843 38496
217 37
59336 20221 11658 77170 26842 7448 60795 36830 28291 2936 87673 47636 24425 93360 10545 87805 26915 83431 16987 85193 63708 53267 51675 32625 6534 84396 57017 18997 4235 77250 67190 39871 6094 80825 83440 17144 48971
222 32
64570 30924 85581 69285 21057 83844 24355 82418 49377 30810 62096 68032 93960 21552 26352 68584 28998 5567 37964 47044 98499 21503 73724 2623 33105 95974 48390 96101 80391 50062 67028 7886
231 6
32599 49217 32684 23534 51340 63041
232 31
95207 70524 91675 21786 78993 68610 96373 43547 37492 99803 23065 3503 52750 99534 75115 41470 15393 13749 9513 87745 43538 35608 23815 18815 2536 59807 58250 74533 44424 84778 79176
234 29
33939 73962 47105 46446 21369 14181 9457 58583 16631 16082 62488 91811 88724 14718 53893 76177 42987 11636 78342 96194 22498 80291 5453 57025 57100 11599 76926 57292 52732
247 27
15803 83466 51349 17221 95742 79457 18458 7212 7127 21281 70328 84388 91819 64668 52806 78734 67032 8015 19004 68275 15520 23214 98462 12823 62240 81081 28673
252 25
9005 76994 35488 95917 65633 45869 74298 64697 10163 82637 10675 3265 84438 27995 39759 67327 48225 49957 78522 5354 51908 47791 40446 73232 37876
267 23
72857 96306 57843 6951 3922 84259 83976 52422 36043 86311 58379 97906 13307 12202 2222 9659 6235 73582 33652 99918 38499 44005 24705
268 21
97134 30575 53043 82880 70101 92022 42978 33936 631 87327 52338 93868 45117 48254 77148 36515 66102 85875 45953 22219 32246
273 19
69257 12842 95436 98784 70708 11603 90525 84551 97556 69728 53017 68857 2325 58245 1594 91331 17119 17642 6523
292 17
72580 79919 61654 29205 69680 33207 83980 73286 52675 5496 15676 81747 81782 2589 35837 61750 1061
320 15
88451 87804 59892 45664 74704 73729 5317 64010 24096 15804 34852 16080 61240 43059 29543
333 13
48412 42871 45165 66517 79187 68959 51907 40419 43892 29528 21292 88506 13753
335 11
89473 8950 7306 2295 58155 54977 31618 12028 71037 56720 35737
336 9
14318 54045 96165 70178 75891 63279 41478 68494 34859
356 7
97677 61995 52232 29785 92264 94986 94308
358 5
92981 98958 36646 87849 86350
359 3
2410 1395 80385
389 1
92205